Z N n l E_th_ E_0_ sigma_0_ y_a_ P y_w_
1 1 1 0 13.6 0.43 5.48e+04 32.9 2.96 0
2 2 1 0 24.6 6 4.47e+03 2.2 6.1 0
2 1 1 0 54.4 1.72 1.37e+04 32.9 2.96 0
3 3 2 0 5.39 3.47 47.7 20.4 4.42 0
3 3 1 0 64.4 27.4 156 33.8 1.49 0
3 2 1 0 75.6 20.1 320 7.39 2.92 0
3 1 1 0 122 3.87 6.08e+03 32.9 2.96 0
4 4 2 0 9.32 3.43 1.42e+03 2.71 10.6 0
4 4 1 0 119 40.9 131 121 1.35 0
4 3 2 0 18.2 6.68 49 34.2 3.74 0
4 3 1 0 130 47.6 98 1.17e+03 1.02 0
4 2 1 0 154 17.6 546 17.2 3.16 0
4 1 1 0 218 6.88 3.42e+03 32.9 2.96 0
5 5 2 1 8.3 6.66 364 9.5 5.47 0.561
5 5 2 0 14.1 6.49 1.52e+04 1.35 12.2 0
5 5 1 0 194 61.5 97 73.5 1.44 0
5 4 2 0 25.2 2.4 153 9.2 9.37 0
5 4 1 0 210 59.8 104 79.2 1.44 0
5 3 2 0 37.9 10.5 42.7 44.3 3.5 0
5 3 1 0 227 65.9 86.1 191 1.21 0
5 2 1 0 259 33.4 285 21.6 2.62 0
5 1 1 0 340 10.8 2.19e+03 32.9 2.96 0
6 6 2 1 11.3 9.44 1.15e+03 5.69 6.34 0.447
6 6 2 0 19.4 10.3 4.56e+03 1.57 10.9 0
6 6 1 0 291 86.6 74.2 55 1.5 0
6 5 2 1 24.4 10.9 179 33.1 4.15 0.528
6 5 2 0 30.5 2.99 1.18e+03 3.09 14.8 0
6 5 1 0 308 91.1 66.5 96.1 1.34 0
6 4 2 0 47.9 3.94 122 15 7.49 0
6 4 1 0 329 83.7 80.7 74.7 1.44 0
6 3 2 0 64.5 7.84 71.1 28.3 4.75 0
6 3 1 0 352 84.1 81.1 74.6 1.43 0
6 2 1 0 392 46.2 234 21.8 2.58 0
6 1 1 0 490 15.5 1.52e+03 32.9 2.96 0
7 7 2 1 14.5 11.6 1.03e+04 2.36 8.82 0.424
7 7 2 0 25.4 14.8 772 2.31 9.14 0
7 7 1 0 405 127 47.5 138 1.25 0
7 6 2 1 29.6 18.3 172 88.9 3.35 0.421
7 6 2 0 38 10.9 748 2.79 9.96 0
7 6 1 0 424 124 50 91 1.34 0
7 5 2 1 47.5 19.2 94 115 3.19 0.55
7 5 2 0 55.5 5.85 191 6.26 9.71 0
7 5 1 0 447 122 52.3 94.3 1.34 0
7 4 2 0 77.5 6.22 111 17.3 6.72 0
7 4 1 0 475 107 70.5 53.4 1.55 0
7 3 2 0 97.9 18.6 34.5 42.3 3.61 0
7 3 1 0 504 106 73 55.5 1.54 0
7 2 1 0 552 69.4 152 26.3 2.32 0
7 1 1 0 667 21.1 1.12e+03 32.9 2.96 0
8 8 2 1 13.6 13.9 1.22e+05 1.36 11.4 0.41
8 8 2 0 28.5 19.9 242 3.24 8.04 0
8 8 1 0 538 177 32.4 381 1.08 0
8 7 2 1 35.1 17.5 519 17.3 4.99 0.0218
8 7 2 0 46 17.6 196 4.02 8 0
8 7 1 0 558 169 35.8 189 1.18 0
8 6 2 1 54.9 20.7 232 71.4 3.62 0.0554
8 6 2 0 65.5 15.9 122 6.16 7.27 0
8 6 1 0 584 162 39.4 110 1.29 0
8 5 2 1 77.4 19.4 162 73.1 3.65 0.0376
8 5 2 0 87.4 7.94 106 9.71 8.18 0
8 5 1 0 614 159 41.2 114 1.29 0
8 4 2 0 114 8.47 96.4 22.9 6.06 0
8 4 1 0 649 138 57.3 54.9 1.54 0
8 3 2 0 138 9.14 69 39 4.94 0
8 3 1 0 684 135 60.3 56.8 1.53 0
8 2 1 0 739 87.1 133 25.4 2.34 0
8 1 1 0 871 27.5 855 32.9 2.96 0
9 9 2 1 17.4 16.6 2.78e+05 1.24 12.5 0.386
9 9 2 0 37.9 25.7 110 4.3 7.3 0
9 9 1 0 694 239 23 1.26e+03 0.964 0
9 8 2 1 35 26.6 265 50 4 0.3
9 8 2 0 54.6 28.8 24.4 26 4.5 0
9 8 1 0 712 166 48 50 1.65 0
9 7 2 1 62.7 27.4 246 73.3 3.6 0.139
9 7 2 0 76.1 23.1 71.4 7.28 6.54 0
9 7 1 0 739 206 31.4 123 1.26 0
9 6 2 1 87.1 22.9 300 50 4 0.3
9 6 2 0 99.6 26.3 35.6 26 4.5 0
9 6 1 0 771 160 53 50 1.65 0
9 5 2 1 114 25.3 142 70.9 3.63 0.342
9 5 2 0 126 18.9 71.5 11.9 6.03 0
9 5 1 0 809 192 36.8 79.3 1.38 0
9 4 2 0 157 11.5 84.5 24.6 5.77 0
9 4 1 0 850 174 46.7 58.8 1.51 0
9 3 2 0 185 6.42 85 60.8 5.21 0
9 3 1 0 890 171 48.9 61.4 1.5 0
9 2 1 0 954 113 104 26.6 2.26 0
9 1 1 0 1.1e+03 34.8 676 32.9 2.96 0
10 10 2 1 21.6 20 1.69e+04 2.44 10.4 0.335
10 10 2 0 48.5 32 56.2 5.81 6.68 0
10 10 1 0 870 314 16.6 2.04e+05 0.845 0
10 9 2 1 41 34.3 277 41.8 4.03 0.305
10 9 2 0 63.7 31.9 40.2 8.49 6.04 0
10 9 1 0 883 245 27.8 60.8 1.42 0
10 8 2 1 63.5 34.8 245 69.4 3.64 0.204
10 8 2 0 87.2 31.9 38 10.5 5.65 0
10 8 1 0 913 239 29.4 65.2 1.42 0
10 7 2 1 97.1 34.9 221 72 3.56 0.257
10 7 2 0 113 30.9 41.9 11.4 5.55 0
10 7 1 0 948 236 30.3 67.3 1.42 0
10 6 2 1 126 33.2 196 74 3.56 0.289
10 6 2 0 142 26.1 54.2 11.2 5.91 0
10 6 1 0 987 234 31 69.1 1.42 0
10 5 2 1 158 27.4 172 64.2 3.82 0.168
10 5 2 0 172 25 55.8 14.3 5.56 0
10 5 1 0 1.03e+03 231 32.3 71.7 1.41 0
10 4 2 0 207 28.2 49.8 26 4.5 0
10 4 1 0 1.08e+03 189 50.1 50 1.65 0
10 3 2 0 239 28.6 29 38.4 3.99 0
10 3 1 0 1.12e+03 219 37.2 81.8 1.4 0
10 2 1 0 1.2e+03 159 66.9 33.5 2 0
10 1 1 0 1.36e+03 43 548 32.9 2.96 0
11 11 3 0 5.14 5.97 1.46 2.56e+07 3.79 0
11 11 2 1 38.1 36.5 249 322 3.57 0.147
11 11 2 0 70.8 45.4 11.4 240 3.38 0
11 11 1 0 1.08e+03 422 11.2 5.64e+07 0.774 0
11 10 2 1 47.3 39.1 355 22.6 4.64 0.29
11 10 2 0 73.5 39.4 26.3 11 5.62 0
11 10 1 0 1.07e+03 327 18.9 253 1.12 0
11 9 2 1 71.6 39.6 275 50 4 0.3
11 9 2 0 99.4 41.3 19.3 26 4.5 0
11 9 1 0 1.11e+03 243 34.7 50 1.65 0
11 8 2 1 98.9 43.1 223 83.5 3.51 0.164
11 8 2 0 127 38.1 31.4 12.5 5.41 0
11 8 1 0 1.14e+03 284 25.5 69.8 1.41 0
11 7 2 1 138 35.2 303 50 4 0.3
11 7 2 0 157 38.7 26.1 26 4.5 0
11 7 1 0 1.18e+03 236 37.5 50 1.65 0
11 6 2 1 172 42.1 165 96.5 3.37 0.218
11 6 2 0 190 33 42.2 13.8 5.46 0
11 6 1 0 1.23e+03 281 26.5 72.4 1.4 0
11 5 2 1 208 35.5 137 70.6 3.67 0.161
11 5 2 0 224 29.5 48 16.2 5.39 0
11 5 1 0 1.28e+03 278 27.5 75.1 1.4 0
11 4 2 0 264 21 61.3 26.4 5.25 0
11 4 1 0 1.34e+03 246 36.1 49.7 1.58 0
11 3 2 0 300 17.6 45.3 45.5 4.69 0
11 3 1 0 1.39e+03 241 38.5 52 1.58 0
11 2 1 0 1.46e+03 227 40 53.2 1.68 0
11 1 1 0 1.65e+03 52.1 452 32.9 2.96 0
12 12 3 0 7.65 9.39 3.03 2.62e+07 3.92 0
12 12 2 1 54.9 49.4 202 1.08e+04 2.96 0.0146
12 12 2 0 94 45.9 16.7 23.9 4.74 0
12 12 1 0 1.31e+03 271 35.6 23.7 1.95 0
12 11 3 0 15 8.14 3.28 4.34e+07 3.61 0
12 11 2 1 65.7 49.4 205 4.11e+03 2.99 2.22e-05
12 11 2 0 98.8 51.4 12.9 57.8 3.9 0
12 11 1 0 1.3e+03 371 17.7 135 1.23 0
12 10 2 1 80.1 53.2 210 78.1 3.63 0.285
12 10 2 0 111 48 19.1 16.1 5.05 0
12 10 1 0 1.32e+03 361 18.8 140 1.24 0
12 9 2 1 109 51.4 222 93 3.51 0.00528
12 9 2 0 141 48.1 21.2 16.8 4.94 0
12 9 1 0 1.36e+03 334 22.1 71.5 1.41 0
12 8 2 1 141 51.1 213 95.6 3.44 0.00542
12 8 2 0 174 47.1 24.5 16.4 4.95 0
12 8 1 0 1.4e+03 326 23.5 61.7 1.46 0
12 7 2 1 186 41.5 290 50 4 0.3
12 7 2 0 208 45 24.3 26 4.5 0
12 7 1 0 1.45e+03 278 32.8 50 1.65 0
12 6 2 1 225 40.2 244 50 4 0.3
12 6 2 0 244 43.4 28.3 26 4.5 0
12 6 1 0 1.5e+03 274 34.1 50 1.65 0
12 5 2 1 266 24.6 355 61.6 4.37 0.00645
12 5 2 0 284 39.7 37.5 18.7 4.95 0
12 5 1 0 1.56e+03 308 27.2 51.1 1.54 0
12 4 2 0 328 39.8 39.4 26 4.5 0
12 4 1 0 1.62e+03 267 37 50 1.65 0
12 3 2 0 368 40.4 22.3 39 3.99 0
12 3 1 0 1.68e+03 286 32.9 53.8 1.56 0
12 2 1 0 1.76e+03 204 61.4 27.8 2.16 0
12 1 1 0 1.96e+03 62 380 32.9 2.96 0
13 13 3 1 5.99 18.6 183 2.8 10.8 0.308
13 13 3 0 11.3 12 5.38 434 4.09 0
13 13 2 1 80.4 64.4 174 1.13e+04 2.76 0.0234
13 13 2 0 126 55.9 14.2 30.9 4.4 0
13 13 1 0 1.57e+03 367 22.1 44 1.59 0
13 12 3 0 18.8 10.1 6.32 220 4.48 0
13 12 2 1 90 61.5 184 2.4e+03 2.92 0.00784
13 12 2 0 128 51.7 16.4 22.8 4.81 0
13 12 1 0 1.56e+03 305 33 29 1.9 0
13 11 3 0 28.5 10.3 4.91 1.99e+06 3.48 0
13 11 2 1 103 60.2 199 508 3.11 0.0202
13 11 2 0 141 56.3 14 35.5 4.27 0
13 11 1 0 1.57e+03 320 29.9 27.6 1.88 0
13 10 2 1 120 60.3 219 83.5 3.61 0.0915
13 10 2 0 156 57.3 16.2 19.9 4.75 0
13 10 1 0 1.59e+03 348 24.9 32.6 1.73 0
13 9 2 1 154 60.5 213 86.3 3.52 0.104
13 9 2 0 190 56.5 18.6 19 4.76 0
13 9 1 0 1.63e+03 343 25.7 33.8 1.73 0
13 8 2 1 190 50.3 289 50 4 0.3
13 8 2 0 227 53.4 19.8 26 4.5 0
13 8 1 0 1.69e+03 327 27.9 50 1.65 0
13 7 2 1 241 57.5 194 87.5 3.46 0.121
13 7 2 0 266 57.3 22.7 19.8 4.59 0
13 7 1 0 1.74e+03 340 26.5 34.8 1.72 0
13 6 2 1 285 47.2 223 50 4 0.3
13 6 2 0 306 50.2 26 26 4.5 0
13 6 1 0 1.8e+03 319 29.9 50 1.65 0
13 5 2 1 330 40.8 171 64.8 3.93 0.139
13 5 2 0 350 45.5 33.9 19.5 4.93 0
13 5 1 0 1.86e+03 330 28.6 36.6 1.71 0
13 4 2 0 399 46.4 35.2 26 4.5 0
13 4 1 0 1.93e+03 312 32.2 50 1.65 0
13 3 2 0 442 44.3 21 39.1 4.06 0
13 3 1 0 1.99e+03 314 32.7 43 1.68 0
13 2 1 0 2.09e+03 274 40.4 35.7 1.91 0
13 1 1 0 2.3e+03 72.8 324 32.9 2.96 0
14 14 3 1 8.15 22.1 184 3.85 9.72 0.292
14 14 3 0 15.2 14.1 11.7 22.9 5.33 0
14 14 2 1 106 78.1 153 5.76e+06 2.64 0.000277
14 14 2 0 156 70.2 11.7 47.4 3.93 0
14 14 1 0 1.85e+03 532 11.8 258 1.1 0
14 13 3 1 16.4 21.2 69.8 4.91 9.52 0.317
14 13 3 0 22.4 13.6 8.45 74.9 4.68 0
14 13 2 1 119 71.5 183 354 3.13 0.000287
14 13 2 0 162 67.4 12.6 36.2 4.17 0
14 13 1 0 1.84e+03 458 16.3 77.1 1.38 0
14 12 3 0 33.5 11.8 8.67 353 4.21 0
14 12 2 1 131 66.5 220 117 3.53 0.000866
14 12 2 0 174 58.4 15.7 23 4.8 0
14 12 1 0 1.85e+03 320 35.9 21.7 2.12 0
14 11 3 0 45.1 12.9 6.08 1.36e+06 3.35 0
14 11 2 1 147 64.8 233 119 3.55 0.000842
14 11 2 0 190 59.8 14.9 27.9 4.57 0
14 11 1 0 1.87e+03 313 37.8 20.2 2.19 0
14 10 2 1 167 70.2 211 82 3.59 6.33e-05
14 10 2 0 208 66.5 14.6 22 4.61 0
14 10 1 0 1.89e+03 346 31 19.8 2.09 0
14 9 2 1 205 60.1 279 50 4 0.3
14 9 2 0 247 62.4 16.5 26 4.5 0
14 9 1 0 1.95e+03 380 24 50 1.65 0
14 8 2 1 246 57.9 278 50 4 0.3
14 8 2 0 287 60.9 18.6 26 4.5 0
14 8 1 0 2e+03 376 24.7 50 1.65 0
14 7 2 1 303 59.1 233 68.1 3.72 2.81e-05
14 7 2 0 331 65.9 20.5 21.2 4.51 0
14 7 1 0 2.06e+03 344 31.4 22.6 2.02 0
14 6 2 1 351 54.9 203 50 4 0.3
14 6 2 0 376 57.5 23.9 26 4.5 0
14 6 1 0 2.12e+03 368 26.4 50 1.65 0
14 5 2 1 401 39.5 222 65.2 4.12 4.76e-05
14 5 2 0 423 61 26.2 22.1 4.52 0
14 5 1 0 2.19e+03 336 33.4 24.9 1.98 0
14 4 2 0 476 53.5 31.5 26 4.5 0
14 4 1 0 2.27e+03 360 28.3 50 1.65 0
14 3 2 0 524 48.5 19.7 38.5 4.15 0
14 3 1 0 2.34e+03 315 38.8 30.3 1.92 0
14 2 1 0 2.44e+03 275 47.5 28.5 2.13 0
14 1 1 0 2.67e+03 84.5 279 32.9 2.96 0
15 15 3 1 10.5 25.8 99.2 6.71 8.52 0.276
15 15 3 0 20.2 16.6 11.2 26.1 5.2 0
15 15 2 1 140 88.1 151 2.23e+03 2.8 0.000342
15 15 2 0 194 86.3 9.93 65.9 3.62 0
15 15 1 0 2.15e+03 647 9.17 256 1.06 0
15 14 3 1 19.7 25.1 25.6 18 7.2 0.26
15 14 3 0 27.1 16.7 7.93 180 4.2 0
15 14 2 1 150 75.2 235 70 3.7 0.1
15 14 2 0 199 73 13.3 26 4.5 0
15 14 1 0 2.14e+03 444 19.9 50 1.65 0
15 13 3 1 30.2 24 28.5 9.8 8.21 0.329
15 13 3 0 38.3 18.3 8.26 706 3.68 0
15 13 2 1 164 79.4 195 139 3.39 0.00504
15 13 2 0 212 77.1 12.1 33.9 4.19 0
15 13 1 0 2.16e+03 502 15.8 61.6 1.47 0
15 12 3 0 51.4 11.5 11.5 230 4.45 0
15 12 2 1 180 69.5 266 57.6 3.97 0.00448
15 12 2 0 228 65.6 14.9 23.3 4.79 0
15 12 1 0 2.17e+03 397 26.4 29.5 1.9 0
15 11 3 0 65 1.53 36.9 1.11e+03 4.89 0
15 11 2 1 198 61.9 337 47 4.26 0.00112
15 11 2 0 246 62.7 15.4 24.9 4.79 0
15 11 1 0 2.19e+03 342 36.7 20.1 2.23 0
15 10 2 1 220 68.9 298 35 4.31 0.00101
15 10 2 0 266 69.5 15.6 18.5 4.94 0
15 10 1 0 2.21e+03 383 29.3 19.9 2.12 0
15 9 2 1 263 68.2 271 50 4 0.3
15 9 2 0 310 70.4 15.5 26 4.5 0
15 9 1 0 2.28e+03 433 21.5 50 1.65 0
15 8 2 1 309 55.9 370 47.4 4.24 0.00109
15 8 2 0 355 72.2 17.7 21.3 4.62 0
15 8 1 0 2.34e+03 381 29.6 21.2 2.09 0
15 7 2 1 372 64.4 238 50 4 0.3
15 7 2 0 402 67.1 19.5 26 4.5 0
15 7 1 0 2.41e+03 424 22.8 50 1.65 0
15 6 2 1 424 65 179 67.4 3.73 0.00136
15 6 2 0 452 76.6 19.7 24 4.32 0
15 6 1 0 2.48e+03 382 29.5 24 2.01 0
15 5 2 1 480 73.1 78.7 73.3 3.53 0.00129
15 5 2 0 504 77.9 20.8 25.7 4.19 0
15 5 1 0 2.55e+03 386 29.1 26.6 1.95 0
15 4 2 0 560 57.1 29.8 29.9 4.45 0
15 4 1 0 2.63e+03 379 30.5 30.7 1.88 0
15 3 2 0 612 64 15.2 37.4 3.99 0
15 3 1 0 2.71e+03 371 32.2 32.6 1.87 0
15 2 1 0 2.82e+03 338 36.5 32.5 2 0
15 1 1 0 3.07e+03 97 243 32.9 2.96 0
16 16 3 1 10.4 29.8 56.4 13.2 7.51 0.262
16 16 3 0 21.3 19.2 10 33 5.04 0
16 16 2 1 170 91.5 188 71.9 3.63 0.249
16 16 2 0 235 105 8.52 94.7 3.35 0
16 16 1 0 2.48e+03 811 6.65 3.73e+03 0.865 0
16 15 3 1 23.3 28.9 105 7.47 8.42 0.284
16 15 3 0 31.9 20.5 7.82 240 3.95 0
16 15 2 1 185 90.6 190 75.4 3.63 0.293
16 15 2 0 239 96.9 9.66 51.9 3.74 0
16 15 1 0 2.47e+03 731 8.3 748 0.984 0
16 14 3 1 34.8 29.3 37 14.4 7.32 0.299
16 14 3 0 44.2 21.8 8.21 794 3.59 0
16 14 2 1 200 92.5 178 150 3.32 0.0214
16 14 2 0 254 92.3 10.5 40.1 3.97 0
16 14 1 0 2.48e+03 643 10.8 141 1.22 0
16 13 3 1 47.3 33.2 11 36.4 5.98 0.376
16 13 3 0 57.5 21.4 9.08 722 3.62 0
16 13 2 1 216 87.4 204 93.1 3.57 0.0095
16 13 2 0 270 86.7 11.6 32 4.23 0
16 13 1 0 2.5e+03 552 15 55.3 1.52 0
16 12 3 0 72.7 12.7 13.6 257 4.36 0
16 12 2 1 235 74.1 292 48.6 4.14 0.0279
16 12 2 0 289 73.6 14.1 24 4.75 0
16 12 1 0 2.52e+03 481 20.3 38.5 1.74 0
16 11 3 0 88.1 14.1 9.14 1.66e+03 3.63 0
16 11 2 1 256 57.5 471 36.1 4.74 0.0248
16 11 2 0 309 67.8 14.9 25.2 4.83 0
16 11 1 0 2.54e+03 468 21.5 40.9 1.74 0
16 10 2 1 281 78.1 275 45 4.11 0.0211
16 10 2 0 332 84.4 12.9 23.4 4.55 0
16 10 1 0 2.57e+03 495 19.2 35.5 1.74 0
16 9 2 1 328 76.9 262 50 4 0.3
16 9 2 0 380 79.1 14.6 26 4.5 0
16 9 1 0 2.64e+03 489 19.3 50 1.65 0
16 8 2 1 379 69.1 297 55.2 4.01 0.0218
16 8 2 0 430 80.3 16.6 21.7 4.61 0
16 8 1 0 2.70e+03 494 19.5 35.7 1.74 0
16 7 2 1 447 73.3 221 50 4 0.3
16 7 2 0 480 75.6 18.1 26 4.5 0
16 7 1 0 2.78e+03 480 20.4 50 1.65 0
16 6 2 1 505 72.1 169 50 4 0.3
16 6 2 0 535 73.6 20.3 26 4.5 0
16 6 1 0 2.86e+03 476 21 50 1.65 0
16 5 2 1 565 55.4 164 68.2 4 0.0418
16 5 2 0 591 67.9 24.5 23.1 4.71 0
16 5 1 0 2.94e+03 483 20.9 37.4 1.72 0
16 4 2 0 652 69.3 25.7 26 4.5 0
16 4 1 0 3.03e+03 467 22.3 50 1.65 0
16 3 2 0 707 44.1 21.8 43.7 4.48 0
16 3 1 0 3.11e+03 467 22.9 44.6 1.67 0
16 2 1 0 3.22e+03 439 24.5 44 1.76 0
16 1 1 0 3.49e+03 110 214 32.9 2.96 0
17 17 3 1 13 34 45.4 22.3 6.9 0.248
17 17 3 0 25.3 22.3 6.63 184 4.2 0
17 17 2 1 209 80 305 35 4.46 0.202
17 17 2 0 278 109 10.6 24.9 4.2 0
17 17 1 0 2.83e+03 970 5.26 1.86e+06 0.789 0
17 16 3 1 23.8 33.4 49.9 18 7.2 0.26
17 16 3 0 36.9 21.9 7.49 180 4.2 0
17 16 2 1 224 96.9 205 70 3.7 0.1
17 16 2 0 284 91.7 11.7 26 4.5 0
17 16 1 0 2.82e+03 562 16.3 50 1.65 0
17 15 3 1 39.6 34.6 30.4 33.8 6.26 0.271
17 15 3 0 50.2 23.1 8.3 245 3.95 0
17 15 2 1 238 95.8 222 42.1 4.02 0.224
17 15 2 0 298 91.5 12.6 20.9 4.7 0
17 15 1 0 2.84e+03 765 8.65 271 1.11 0
17 14 3 1 53.5 35 21.5 45 5.9 0.26
17 14 3 0 64.7 20.2 9.83 180 4.2 0
17 14 2 1 255 95.6 214 70 3.7 0.1
17 14 2 0 315 90.8 12 26 4.5 0
17 14 1 0 2.85e+03 552 17.1 50 1.65 0
17 13 3 1 67.8 36.5 11.9 37.6 6.01 0.404
17 13 3 0 80 18.2 11.5 198 4.24 0
17 13 2 1 276 86.4 270 38.9 4.24 0.246
17 13 2 0 335 82 13.9 20.2 4.93 0
17 13 1 0 2.88e+03 613 13.9 55.2 1.53 0
17 12 3 0 97 8.6 20.8 274 4.69 0
17 12 2 1 297 76.8 334 38 4.43 0.24
17 12 2 0 357 72.3 15.2 20.4 5.15 0
17 12 1 0 2.9e+03 511 20.7 31.7 1.86 0
17 11 3 0 114 1.53 67.8 1.5e+03 4.76 0
17 11 2 1 321 64.7 451 39.5 4.64 0.236
17 11 2 0 380 61.1 16.8 22 5.35 0
17 11 1 0 2.92e+03 441 28.4 24 2.12 0
17 10 2 1 348 84.3 288 40.2 4.24 0.267
17 10 2 0 405 84 13.9 20 4.9 0
17 10 1 0 2.95e+03 460 26.5 19.9 2.18 0
17 9 2 1 400 86.3 250 50 4 0.3
17 9 2 0 456 88.2 13.8 26 4.5 0
17 9 1 0 3.03e+03 549 17.5 50 1.65 0
17 8 2 1 456 84.7 238 56.5 3.89 0.333
17 8 2 0 511 91.3 15 23.2 4.51 0
17 8 1 0 3.1e+03 459 26.7 21 2.15 0
17 7 2 1 529 82.8 205 50 4 0.3
17 7 2 0 566 84.5 16.8 26 4.5 0
17 7 1 0 3.18e+03 540 18.4 50 1.65 0
17 6 2 1 592 76.2 183 65.1 3.85 0.399
17 6 2 0 625 97 16.5 25.3 4.27 0
17 6 1 0 3.27e+03 461 26.7 23 2.09 0
17 5 2 1 657 39 384 89.8 4.27 0.302
17 5 2 0 685 105 16.2 26.8 4.07 0
17 5 1 0 3.36e+03 463 26.5 25.2 2.03 0
17 4 2 0 750 73.1 24.5 30.4 4.42 0
17 4 1 0 3.45e+03 447 28.8 27.7 2 0
17 3 2 0 809 74.4 13.6 38 4.1 0
17 3 1 0 3.53e+03 443 29.6 30.6 1.95 0
17 2 1 0 3.66e+03 417 31.4 31.6 2.04 0
17 1 1 0 3.95e+03 125 189 32.9 2.96 0
18 18 3 1 15.8 38.5 48.7 26.4 6.66 0.235
18 18 3 0 28.9 25.2 6.39 170 4.22 0
18 18 2 1 249 165 83.7 54.5 3.33 0.627
18 18 2 0 326 130 9.19 26.9 4.02 0
18 18 1 0 3.2e+03 1.14e+03 4.28 3.28e+07 0.763 0
18 17 3 1 27.6 37.8 60.1 18 7.2 0.26
18 17 3 0 42 24.7 7.1 180 4.2 0
18 17 2 1 266 108 194 70 3.7 0.1
18 17 2 0 332 102 11 26 4.5 0
18 17 1 0 3.2e+03 626 14.9 50 1.65 0
18 16 3 1 40.7 38.6 39.7 32.1 6.35 0.264
18 16 3 0 56.4 26.1 7.9 232 3.96 0
18 16 2 1 280 102 228 43.8 4.05 0.00717
18 16 2 0 346 103 11.6 21.3 4.66 0
18 16 1 0 3.21e+03 841 8.07 185 1.16 0
18 15 3 1 59.8 39.6 30.6 45 5.9 0.26
18 15 3 0 71.7 22.7 9.31 180 4.2 0
18 15 2 1 299 107 201 70 3.7 0.1
18 15 2 0 364 101 11.2 26 4.5 0
18 15 1 0 3.23e+03 617 15.5 50 1.65 0
18 14 3 1 75 37.3 24.8 38.8 6.14 0.188
18 14 3 0 88.3 22.5 10.5 202 4.13 0
18 14 2 1 320 98.3 247 42.8 4.12 0.00728
18 14 2 0 385 93.9 12.6 20.8 4.85 0
18 14 1 0 3.25e+03 682 12.7 49.6 1.56 0
18 13 3 1 91 35.6 14.2 39.5 6.19 0.074
18 13 3 0 106 18.4 13 200 4.3 0
18 13 2 1 343 92.3 279 42.2 4.23 0.00741
18 13 2 0 408 89.7 13.1 20.9 4.92 0
18 13 1 0 3.28e+03 643 14.4 42.1 1.66 0
18 12 3 0 124 8.09 26 321 4.68 0
18 12 2 1 367 85.6 320 42.3 4.33 0.00726
18 12 2 0 431 80 14.2 21.4 5.09 0
18 12 1 0 3.3e+03 620 15.6 45 1.66 0
18 11 3 0 144 3.88 33 708 4.64 0
18 11 2 1 392 73.7 420 44.2 4.49 0.00771
18 11 2 0 457 65.3 16 23.4 5.32 0
18 11 1 0 3.33e+03 449 31.4 20.1 2.32 0
18 10 2 1 422 92.3 286 45.1 4.16 0.00888
18 10 2 0 484 92.7 13.1 20.9 4.86 0
18 10 1 0 3.36e+03 468 29.3 17.4 2.36 0
18 9 2 1 479 96.4 239 50 4 0.3
18 9 2 0 540 97.8 12.9 26 4.5 0
18 9 1 0 3.45e+03 613 15.9 50 1.65 0
18 8 2 1 539 75.6 347 53.3 4.2 0.0139
18 8 2 0 599 98.8 14.3 23.5 4.55 0
18 8 1 0 3.52e+03 479 28 19.2 2.27 0
18 7 2 1 618 93 190 50 4 0.3
18 7 2 0 658 94 15.7 26 4.5 0
18 7 1 0 3.61e+03 603 16.7 50 1.65 0
18 6 2 1 686 57.2 378 76.6 4.15 0.0119
18 6 2 0 722 108 15.1 25.7 4.25 0
18 6 1 0 3.7e+03 473 28.9 20.4 2.23 0
18 5 2 1 756 82.7 101 72 3.79 0.00551
18 5 2 0 786 109 16.1 26.9 4.17 0
18 5 1 0 3.8e+03 475 28.7 22.4 2.17 0
18 4 2 0 855 81.6 22.4 30.6 4.42 0
18 4 1 0 3.9e+03 476 28.8 26.1 2.07 0
18 3 2 0 918 54.4 18.4 46.6 4.44 0
18 3 1 0 3.99e+03 468 30 28.5 2.04 0
18 2 1 0 4.12e+03 447 31.1 30.4 2.09 0
18 1 1 0 4.43e+03 140 169 32.9 2.96 0
19 19 4 0 4.34 3.82 0.736 2.41e+07 4.43 0.000205
19 19 3 1 24.7 41.4 26.1 214 5.63 0.244
19 19 3 0 40.8 29.1 6.38 2.23e+03 3.59 0
19 19 2 1 301 267 31.1 7.19e+06 2.07 0.527
19 19 2 0 384 160 6.39 104 3.16 0
19 19 1 0 3.61e+03 1.17e+03 4.54 6.16e+03 0.839 0
19 18 3 1 31.6 42 73.9 17 7.21 0.253
19 18 3 0 47.3 29.9 6.62 300 3.89 0
19 18 2 1 307 229 42 8.73e+06 2.24 0.556
19 18 2 0 378 149 7.09 65.6 3.45 0
19 18 1 0 3.59e+03 1.1e+03 5.17 2.56e+03 0.892 0
19 17 3 1 45.8 40.5 67.8 18 7.2 0.26
19 17 3 0 62.7 26.7 7.45 180 4.2 0
19 17 2 1 328 120 186 70 3.7 0.1
19 17 2 0 399 112 10.4 26 4.5 0
19 17 1 0 3.61e+03 690 13.8 50 1.65 0
19 16 3 1 60.9 47.9 33.4 54.3 5.63 0.314
19 16 3 0 79.2 33 7.62 1.32e+03 3.42 0
19 16 2 1 345 188 67.7 1.66e+07 2.36 0.455
19 16 2 0 416 125 9.14 32.6 4.13 0
19 16 1 0 3.63e+03 844 9.09 89.3 1.34 0
19 15 3 1 82.7 43.8 32.1 45 5.9 0.26
19 15 3 0 96.6 24.7 9.85 180 4.2 0
19 15 2 1 366 119 192 70 3.7 0.1
19 15 2 0 437 111 10.6 26 4.5 0
19 15 1 0 3.65e+03 682 14.3 50 1.65 0
19 14 3 1 99.4 54.5 16.4 91.1 5.03 0.414
19 14 3 0 115 36 8.59 2.26e+03 3.24 0
19 14 2 1 391 205 55.6 1.35e+04 2.35 0.528
19 14 2 0 462 118 9.85 29.7 4.28 0
19 14 1 0 3.68e+03 815 9.84 94.1 1.36 0
19 13 3 1 118 45.8 11.5 63.1 5.52 0.247
19 13 3 0 134 34.7 9.47 1.03e+03 3.37 0
19 13 2 1 416 136 145 56.2 3.71 0.65
19 13 2 0 487 116 10.2 29.3 4.32 0
19 13 1 0 3.71e+03 719 12.9 45.5 1.63 0
19 12 3 0 155 19.3 16.2 322 4.08 0
19 12 2 1 443 141 133 55.9 3.67 0.731
19 12 2 0 513 106 11.1 27.8 4.5 0
19 12 1 0 3.74e+03 694 13.9 48.3 1.63 0
19 11 3 0 176 13.5 15.4 775 3.88 0
19 11 2 1 471 174 85.4 48.7 3.55 0.889
19 11 2 0 541 80.8 13.9 26 4.99 0
19 11 1 0 3.77e+03 503 27.9 21.1 2.28 0
19 10 2 1 504 156 110 56.3 3.55 0.777
19 10 2 0 571 110 11.2 24.6 4.57 0
19 10 1 0 3.8e+03 516 26.9 18.4 2.34 0
19 9 2 1 565 107 227 50 4 0.3
19 9 2 0 631 108 12.2 26 4.5 0
19 9 1 0 3.89e+03 680 14.5 50 1.65 0
19 8 2 1 630 138 116 58.2 3.61 0.887
19 8 2 0 694 111 13.1 24.6 4.47 0
19 8 1 0 3.97e+03 520 26.5 19.6 2.28 0
19 7 2 1 715 104 177 50 4 0.3
19 7 2 0 758 104 14.6 26 4.5 0
19 7 1 0 4.07e+03 669 15.1 50 1.65 0
19 6 2 1 787 105 124 65.4 3.76 0.928
19 6 2 0 826 118 14.2 26.1 4.26 0
19 6 1 0 4.17e+03 530 25.6 22.1 2.18 0
19 5 2 1 861 96 79.6 63.7 3.88 1.49
19 5 2 0 894 120 14.8 27.2 4.17 0
19 5 1 0 4.27e+03 528 26 23.5 2.14 0
19 4 2 0 968 89.8 20.7 31.4 4.4 0
19 4 1 0 4.38e+03 544 24.5 28.6 2.01 0
19 3 2 0 1.04e+03 116 8.88 37.3 3.84 0
19 3 1 0 4.47e+03 538 25.3 31.3 1.97 0
19 2 1 0 4.61e+03 518 25.9 32.8 2.02 0
19 1 1 0 4.93e+03 156 152 32.9 2.96 0
20 20 4 0 6.11 7.37 2.37 208 4.84 0.000584
20 20 3 1 34.4 44.9 90.2 14.6 7.5 0.275
20 20 3 0 48.3 30.1 7.23 174 4.16 0
20 20 2 1 352 153 128 222 3.09 0.00334
20 20 2 0 442 120 10.1 24.7 4.59 0
20 20 1 0 4.04e+03 695 15.9 25.6 1.97 0
20 19 4 0 11.9 4.16 2.23 1.6e+04 4.31 0.354
20 19 3 1 40.9 45 73.1 19 7.15 0.273
20 19 3 0 60.4 31.8 6.92 525 3.77 0
20 19 2 1 364 145 145 135 3.3 0.000336
20 19 2 0 442 134 8.94 29.1 4.27 0
20 19 1 0 4.02e+03 800 11.7 32.3 1.74 0
20 18 3 1 50.9 46.2 79.3 17.1 7.19 0.266
20 18 3 0 69.2 35 6.6 791 3.59 0
20 18 2 1 373 126 194 68.2 3.77 0.000479
20 18 2 0 451 148 7.77 38.7 3.89 0
20 18 1 0 4.03e+03 1e+03 7.08 111 1.26 0
20 17 3 1 67.3 51.7 42.2 44.2 5.86 0.305
20 17 3 0 86.8 36.5 7.13 1.2e+03 3.45 0
20 17 2 1 394 141 154 99.1 3.45 0.00111
20 17 2 0 472 137 8.62 31.7 4.15 0
20 17 1 0 4.05e+03 961 7.78 119 1.27 0
20 16 3 1 84.5 56.7 30.4 76.5 5.26 0.356
20 16 3 0 105 37.2 7.76 1.19e+03 3.4 0
20 16 2 1 418 138 162 88.1 3.52 0.000438
20 16 2 0 495 132 9.13 29.3 4.28 0
20 16 1 0 4.08e+03 864 9.79 62.2 1.48 0
20 15 3 1 109 57.5 24.8 78.2 5.2 0.38
20 15 3 0 125 39.9 8.07 2.34e+03 3.23 0
20 15 2 1 442 130 186 69.9 3.71 1.4e-05
20 15 2 0 519 130 9.29 29.3 4.3 0
20 15 1 0 4.10e+03 850 10.1 64.2 1.48 0
20 14 3 1 127 61 16.5 92.4 5.01 0.426
20 14 3 0 145 41 8.52 1.98e+03 3.22 0
20 14 2 1 469 121 218 58.2 3.91 4.35e-06
20 14 2 0 546 127 9.59 28.5 4.35 0
20 14 1 0 4.13e+03 826 10.8 57.5 1.53 0
20 13 3 1 147 52 11.3 68.2 5.41 0.22
20 13 3 0 166 39.9 9.26 988 3.33 0
20 13 2 1 497 107 279 47.7 4.2 4.59e-06
20 13 2 0 573 124 9.86 28.2 4.39 0
20 13 1 0 4.16e+03 782 12.2 44.9 1.65 0
20 12 3 0 188 25.5 13.4 180 4.2 0
20 12 2 1 527 129 193 70 3.7 0.1
20 12 2 0 602 120 10.5 26 4.5 0
20 12 1 0 4.2e+03 740 13.7 50 1.65 0
20 11 3 0 211 16 14.4 699 3.86 0
20 11 2 1 557 65.1 662 43.7 4.94 7.88e-06
20 11 2 0 633 84.5 13.6 27 5.02 0
20 11 1 0 4.23e+03 680 16.4 35.2 1.84 0
20 10 2 1 592 70.5 591 41.3 4.88 7.12e-06
20 10 2 0 665 93.8 14.1 17.8 5.36 0
20 10 1 0 4.26e+03 701 15.5 32 1.86 0
20 9 2 1 657 118 216 50 4 0.3
20 9 2 0 729 119 11.5 26 4.5 0
20 9 1 0 4.36e+03 750 13.2 50 1.65 0
20 8 2 1 727 89.4 334 57.7 4.17 1.1e-05
20 8 2 0 797 115 12.9 24.6 4.56 0
20 8 1 0 4.45e+03 699 15.7 32.2 1.85 0
20 7 2 1 818 115 164 50 4 0.3
20 7 2 0 864 114 13.6 26 4.5 0
20 7 1 0 4.56e+03 740 13.8 50 1.65 0
20 6 2 1 895 114 120 50 4 0.3
20 6 2 0 936 112 14.9 26 4.5 0
20 6 1 0 4.66e+03 734 14.2 50 1.65 0
20 5 2 1 974 40.4 522 104 4.45 1.16e-05
20 5 2 0 1.01e+03 117 15.5 26.2 4.39 0
20 5 1 0 4.77e+03 686 16.6 34.4 1.82 0
20 4 2 0 1.09e+03 107 17.9 26 4.5 0
20 4 1 0 4.88e+03 724 14.9 50 1.65 0
20 3 2 0 1.16e+03 93.9 11.1 39.6 4.18 0
20 3 1 0 4.98e+03 664 18.2 39.8 1.78 0
20 2 1 0 5.13e+03 630 19.4 39.2 1.86 0
20 1 1 0 5.47e+03 173 137 32.9 2.96 0
21 21 4 0 7.34 8.32 2.25 412 4.59 0.000144
21 21 3 2 8.01 9.73 249 20.7 10.2 0.31
21 21 3 1 33.6 49.4 61.8 21.9 7.08 0.267
21 21 3 0 56.4 32.8 6.85 171 4.21 0
21 21 2 1 405 159 147 60.1 3.63 0.00321
21 21 2 0 503 118 10.6 21.7 4.91 0
21 21 1 0 4.49e+03 737 15.5 29.4 1.94 0
21 20 4 0 12.8 3.84 1.91 582 5.02 0.0142
21 20 3 2 14.4 16.1 127 52.3 7.3 0.31
21 20 3 1 46.8 49.9 58 24.8 6.87 0.266
21 20 3 0 68.5 32.5 6.97 176 4.2 0
21 20 2 1 419 147 171 55.2 3.8 0.00329
21 20 2 0 502 127 10 22.1 4.76 0
21 20 1 0 4.47e+03 767 14.4 26.3 1.95 0
21 19 3 2 24.8 21.8 84.6 66 6.45 0.389
21 19 3 1 55.9 51.7 54.7 27.9 6.61 0.257
21 19 3 0 77.6 35.1 6.78 190 4.07 0
21 19 2 1 428 135 201 52.2 3.95 0.00337
21 19 2 0 512 144 8.94 24.1 4.46 0
21 19 1 0 4.48e+03 1.03e+03 7.51 65.4 1.41 0
21 18 3 1 73.5 54.7 53.8 33.2 6.24 0.294
21 18 3 0 94.5 34.5 7.32 188 4.07 0
21 18 2 1 448 142 182 54.3 3.85 0.00327
21 18 2 0 531 137 9.4 23.2 4.58 0
21 18 1 0 4.5e+03 996 8.08 71.2 1.41 0
21 17 3 1 91.9 54.4 45.8 45 5.9 0.26
21 17 3 0 114 30.4 8.55 180 4.2 0
21 17 2 1 473 144 172 70 3.7 0.1
21 17 2 0 555 134 9.33 26 4.5 0
21 17 1 0 4.53e+03 831 11.9 50 1.65 0
21 16 3 1 111 50.3 45 38.8 6.16 0.00669
21 16 3 0 135 29 9.85 192 4.18 0
21 16 2 1 498 127 230 45.2 4.14 0.00341
21 16 2 0 580 125 10.3 22.5 4.76 0
21 16 1 0 4.55e+03 956 8.84 76.4 1.43 0
21 15 3 1 138 53.2 33.5 45 5.9 0.26
21 15 3 0 156 28.9 10.5 180 4.2 0
21 15 2 1 524 143 176 70 3.7 0.1
21 15 2 0 605 134 9.52 26 4.5 0
21 15 1 0 4.58e+03 824 12.1 50 1.65 0
21 14 3 1 158 49.4 26.2 43.4 6.06 0.00605
21 14 3 0 178 20.3 15.5 226 4.35 0
21 14 2 1 554 111 298 43.5 4.35 0.00365
21 14 2 0 636 118 10.8 22.8 4.84 0
21 14 1 0 4.62e+03 943 9.12 78.4 1.43 0
21 13 3 1 180 47.6 14.4 44.5 6.09 0.00558
21 13 3 0 202 15 21.5 276 4.45 0
21 13 2 1 585 105 329 43.8 4.41 0.00368
21 13 2 0 667 113 11.2 23 4.89 0
21 13 1 0 4.65e+03 828 12.1 41 1.71 0
21 12 3 0 225 11 29.8 345 4.55 0
21 12 2 1 617 101 357 44 4.46 0.00364
21 12 2 0 698 102 12.1 23.6 5.03 0
21 12 1 0 4.68e+03 770 14.1 34.9 1.83 0
21 11 3 0 250 3.41 59.8 1.11e+03 4.58 0
21 11 2 1 650 80.9 524 47.6 4.67 0.00366
21 11 2 0 731 78.1 14.2 26.9 5.3 0
21 11 1 0 4.72e+03 668 19.1 27 2.06 0
21 10 2 1 687 83.1 508 47.4 4.64 0.00372
21 10 2 0 766 116 11.3 23 4.85 0
21 10 1 0 4.76e+03 678 18.7 23.9 2.11 0
21 9 2 1 757 130 204 50 4 0.3
21 9 2 0 833 130 10.8 26 4.5 0
21 9 1 0 4.86e+03 824 12.2 50 1.65 0
21 8 2 1 831 79 478 66.5 4.3 0.00924
21 8 2 0 906 127 11.9 25 4.53 0
21 8 1 0 4.96e+03 674 19.1 24.3 2.1 0
21 7 2 1 928 127 153 50 4 0.3
21 7 2 0 978 126 12.7 26 4.5 0
21 7 1 0 5.07e+03 813 12.7 50 1.65 0
21 6 2 1 1.01e+03 127 116 81.3 3.62 0.0148
21 6 2 0 1.05e+03 137 12.7 26.7 4.3 0
21 6 1 0 5.18e+03 675 19.2 26.2 2.05 0
21 5 2 1 1.09e+03 144 48.1 85.6 3.45 0.041
21 5 2 0 1.13e+03 139 13.2 27.9 4.22 0
21 5 1 0 5.29e+03 668 19.7 27.9 2.02 0
21 4 2 0 1.21e+03 111 17.2 31.7 4.37 0
21 4 1 0 5.41e+03 661 20.4 31.1 1.97 0
21 3 2 0 1.29e+03 120 8.82 37.2 4.05 0
21 3 1 0 5.52e+03 644 21.7 32.9 1.96 0
21 2 1 0 5.68e+03 627 21.8 34.5 2 0
21 1 1 0 6.03e+03 191 124 32.9 2.96 0
22 22 4 0 6.82 9.18 2.17 430 4.55 0.00361
22 22 3 2 9.94 11 548 16.1 11 0.297
22 22 3 1 40 54.2 59.2 21.5 7.12 0.264
22 22 3 0 65 35.6 6.52 157 4.27 0
22 22 2 1 464 181 129 66.3 3.53 5.52e-05
22 22 2 0 569 118 10.7 21.4 5.09 0
22 22 1 0 4.97e+03 683 20.3 24.1 2.19 0
22 21 4 0 13.6 5.01 1.64 510 4.96 0.00163
22 21 3 2 16.1 17.7 260 39.1 7.82 0.298
22 21 3 1 52.5 54.9 55.6 24.2 6.92 0.264
22 21 3 0 76.5 35.2 6.62 162 4.26 0
22 21 2 1 477 163 158 59.1 3.74 1.64e-05
22 21 2 0 565 131 9.89 21.9 4.87 0
22 21 1 0 4.95e+03 695 19.8 19.7 2.29 0
22 20 3 2 27.5 24 173 54.7 6.74 0.365
22 20 3 1 62 56.4 52.8 26.9 6.7 0.257
22 20 3 0 86 37.9 6.49 177 4.12 0
22 20 2 1 487 151 183 56.6 3.87 1.69e-05
22 20 2 0 575 154 8.59 23.7 4.51 0
22 20 1 0 4.96e+03 1.09e+03 7.49 58 1.47 0
22 19 3 2 43.3 26.2 92.8 68.5 6.3 0.33
22 19 3 1 79.2 58.7 52.4 31.3 6.38 0.284
22 19 3 0 104 37 6.99 178 4.13 0
22 19 2 1 507 150 188 49.5 3.97 1.72e-05
22 19 2 0 595 145 9.08 22.9 4.64 0
22 19 1 0 4.98e+03 1.05e+03 8.09 62.5 1.48 0
22 18 3 1 99.3 59 55.2 34.3 6.23 0.292
22 18 3 0 123 35.5 7.73 179 4.14 0
22 18 2 1 530 147 195 48.7 4.01 1.73e-05
22 18 2 0 618 145 9.11 23.2 4.64 0
22 18 1 0 5e+03 1.03e+03 8.36 64.7 1.48 0
22 17 3 1 120 59.4 46.7 45 5.9 0.26
22 17 3 0 144 32.6 8.82 180 4.2 0
22 17 2 1 556 157 166 70 3.7 0.1
22 17 2 0 644 146 8.84 26 4.5 0
22 17 1 0 5.03e+03 908 11 50 1.65 0
22 16 3 1 141 54.8 45.3 40 6.14 0.00921
22 16 3 0 167 27.9 11 197 4.26 0
22 16 2 1 585 130 248 45.8 4.22 1.8e-05
22 16 2 0 673 131 9.95 22.7 4.82 0
22 16 1 0 5.06e+03 961 9.75 53.3 1.58 0
22 15 3 1 170 58.4 33.5 45 5.9 0.26
22 15 3 0 190 31.2 10.7 180 4.2 0
22 15 2 1 613 156 169 70 3.7 0.1
22 15 2 0 700 145 9.02 26 4.5 0
22 15 1 0 5.09e+03 903 11.1 50 1.65 0
22 14 3 1 192 53.4 26.1 45.1 6.04 0.00744
22 14 3 0 215 17.4 19.4 269 4.42 0
22 14 2 1 647 116 306 45.9 4.36 1.68e-05
22 14 2 0 734 124 10.4 23.2 4.87 0
22 14 1 0 5.13e+03 945 10.1 51.5 1.6 0
22 13 3 1 216 52.7 14.1 46.5 6.03 0.00802
22 13 3 0 240 17.1 21.2 274 4.41 0
22 13 2 1 681 113 322 46.5 4.37 1.69e-05
22 13 2 0 767 125 10.5 23.7 4.83 0
22 13 1 0 5.16e+03 947 10.1 51.3 1.6 0
22 12 3 0 265 9.78 37.3 422 4.55 0
22 12 2 1 716 112 331 47 4.38 1.69e-05
22 12 2 0 801 126 10.5 24.5 4.78 0
22 12 1 0 5.2e+03 932 10.4 52.9 1.6 0
22 11 3 0 292 3.36 68.8 1.24e+03 4.56 0
22 11 2 1 751 94 455 50 4.54 1.75e-05
22 11 2 0 836 92.4 12.9 26.9 5.16 0
22 11 1 0 5.24e+03 739 17.2 28.8 2.02 0
22 10 2 1 788 98.5 426 49.5 4.49 1.75e-05
22 10 2 0 873 125 10.7 23.6 4.83 0
22 10 1 0 5.28e+03 771 15.8 27.6 2.01 0
22 9 2 1 863 143 194 50 4 0.3
22 9 2 0 945 142 10.2 26 4.5 0
22 9 1 0 5.39e+03 902 11.2 50 1.65 0
22 8 2 1 942 108 297 66.1 4.06 1.46e-05
22 8 2 0 1.02e+03 134 11.5 25.3 4.58 0
22 8 1 0 5.5e+03 769 16 27.9 2 0
22 7 2 1 1.04e+03 140 142 50 4 0.3
22 7 2 0 1.1e+03 137 11.9 26 4.5 0
22 7 1 0 5.61e+03 890 11.7 50 1.65 0
22 6 2 1 1.13e+03 129 127 86.9 3.65 1.32e-05
22 6 2 0 1.18e+03 142 12.4 26.9 4.37 0
22 6 1 0 5.73e+03 762 16.5 29.3 1.97 0
22 5 2 1 1.22e+03 169 38.6 92 3.36 3.37e-05
22 5 2 0 1.26e+03 143 13 28.4 4.28 0
22 5 1 0 5.85e+03 754 16.9 30.6 1.96 0
22 4 2 0 1.35e+03 139 14.1 31.3 4.2 0
22 4 1 0 5.97e+03 742 17.7 33.8 1.91 0
22 3 2 0 1.42e+03 102 10.4 41.3 4.26 0
22 3 1 0 6.09e+03 885 12.4 82.2 1.48 0
22 2 1 0 6.25e+03 866 12.3 58.9 1.62 0
22 1 1 0 6.63e+03 209 113 32.9 2.96 0
23 23 4 0 6.74 10 2.06 391 4.57 0.000506
23 23 3 2 12 11.5 3.13e+03 7.04 13.8 0.342
23 23 3 1 47 59.4 76 14.9 7.59 0.269
23 23 3 0 77 36.7 6.69 77.6 4.71 0
23 23 2 1 527 229 85.1 504 2.77 0.000996
23 23 2 0 638 96.9 12.1 19 5.76 0
23 23 1 0 5.48e+03 655 24.2 23.4 2.33 0
23 22 3 2 14.7 14.5 715 17.5 10.4 0.467
23 22 3 1 53.2 60.5 52.6 22.2 7.06 0.258
23 22 3 0 79.4 41.2 5.89 163 4.19 0
23 22 2 1 529 130 271 43.8 4.36 6.49e-05
23 22 2 0 626 138 9.53 22 4.93 0
23 22 1 0 5.44e+03 1.47e+03 4.37 386 1.04 0
23 21 3 2 29.3 19.1 3.56e+03 5.76 11.9 0.511
23 21 3 1 68.1 61 53.8 23.5 6.9 0.259
23 21 3 0 94.5 43.4 5.87 358 3.85 0
23 21 2 1 549 168 163 69.7 3.72 0.0116
23 21 2 0 642 180 7.21 30.3 4.18 0
23 21 1 0 5.46e+03 1.06e+03 8.93 32.9 1.74 0
23 20 3 2 46.7 27.9 207 40 7 0.3
23 20 3 1 85.6 67.5 42.5 45 5.9 0.26
23 20 3 0 112 37.9 6.69 180 4.2 0
23 20 2 1 572 172 155 70 3.7 0.1
23 20 2 0 665 160 8.2 26 4.5 0
23 20 1 0 5.48e+03 996 9.95 50 1.65 0
23 19 3 2 65.3 31.9 83.3 137 5.67 0.124
23 19 3 1 106 60.5 57.6 28.8 6.58 0.228
23 19 3 0 133 45.9 6.54 530 3.63 0
23 19 2 1 592 172 157 69.5 3.7 0.0122
23 19 2 0 686 163 8.01 27 4.43 0
23 19 1 0 5.5e+03 988 10.2 37.3 1.75 0
23 18 3 1 128 67.4 49.3 45.8 5.86 0.312
23 18 3 0 155 47.2 6.96 599 3.55 0
23 18 2 1 619 169 163 69.9 3.71 0.0118
23 18 2 0 712 158 8.34 25.8 4.52 0
23 18 1 0 5.53e+03 978 10.4 38.4 1.75 0
23 17 3 1 151 64.7 47 45 5.9 0.26
23 17 3 0 178 34.9 9.01 180 4.2 0
23 17 2 1 647 171 159 70 3.7 0.1
23 17 2 0 740 159 8.37 26 4.5 0
23 17 1 0 5.56e+03 990 10.1 50 1.65 0
23 16 3 1 174 69.6 35.4 64.4 5.46 0.283
23 16 3 0 203 50.1 7.84 806 3.39 0
23 16 2 1 680 140 239 50.4 4.15 0.0101
23 16 2 0 773 151 8.75 25.7 4.59 0
23 16 1 0 5.59e+03 964 10.8 40 1.74 0
23 15 3 1 206 63.9 33.2 45 5.9 0.26
23 15 3 0 227 33.6 10.8 180 4.2 0
23 15 2 1 709 170 163 70 3.7 0.1
23 15 2 0 802 158 8.54 26 4.5 0
23 15 1 0 5.62e+03 985 10.2 50 1.65 0
23 14 3 1 230 76.9 17.7 75.6 5.18 0.407
23 14 3 0 254 54.4 8.35 914 3.28 0
23 14 2 1 747 122 314 47 4.38 0.0147
23 14 2 0 839 149 8.96 26.3 4.58 0
23 14 1 0 5.66e+03 945 11.3 37.8 1.78 0
23 13 3 1 256 65.5 11.9 45.2 5.86 0.56
23 13 3 0 281 14 28 348 4.46 0
23 13 2 1 783 122 316 49.6 4.33 0.015
23 13 2 0 875 130 10.2 24.2 4.89 0
23 13 1 0 5.7e+03 938 11.4 36.8 1.79 0
23 12 3 0 308 14.8 27.5 328 4.46 0
23 12 2 1 821 121 322 49.7 4.34 0.0149
23 12 2 0 911 119 10.9 24.9 4.98 0
23 12 1 0 5.74e+03 879 13.1 32.9 1.89 0
23 11 3 0 336 4.8 51.5 971 4.52 0
23 11 2 1 859 118 342 52 4.33 0.0153
23 11 2 0 949 90.1 12.9 28.8 5.24 0
23 11 1 0 5.79e+03 825 15 31 1.97 0
23 10 2 1 896 120 336 52.8 4.29 0.0159
23 10 2 0 988 127 10.6 24.3 4.9 0
23 10 1 0 5.83e+03 849 14.2 29.5 1.97 0
23 9 2 1 976 156 184 50 4 0.3
23 9 2 0 1.06e+03 154 9.62 26 4.5 0
23 9 1 0 5.94e+03 983 10.4 50 1.65 0
23 8 2 1 1.06e+03 141 199 69.1 3.83 0.0164
23 8 2 0 1.15e+03 143 11 26 4.57 0
23 8 1 0 6.06e+03 845 14.4 30.2 1.96 0
23 7 2 1 1.17e+03 154 133 50 4 0.3
23 7 2 0 1.22e+03 149 11.2 26 4.5 0
23 7 1 0 6.17e+03 971 10.8 50 1.65 0
23 6 2 1 1.26e+03 176 74.2 94.6 3.4 0.0181
23 6 2 0 1.31e+03 144 12.3 27.4 4.46 0
23 6 1 0 6.3e+03 838 14.9 31.5 1.93 0
23 5 2 1 1.36e+03 133 73.7 102 3.6 0.0268
23 5 2 0 1.4e+03 160 11.8 28.5 4.25 0
23 5 1 0 6.43e+03 830 15.3 32.8 1.92 0
23 4 2 0 1.49e+03 134 14.6 32.3 4.34 0
23 4 1 0 6.56e+03 815 16.1 35.9 1.89 0
23 3 2 0 1.57e+03 48.2 20 72.6 4.72 0
23 3 1 0 6.68e+03 797 16.9 38 1.87 0
23 2 1 0 6.85e+03 767 17.6 38.8 1.93 0
23 1 1 0 7.25e+03 229 104 32.9 2.96 0
24 24 4 0 6.77 9.64 0.653 523 4.64 9.33e-05
24 24 3 2 8.66 7.24 1.48e+03 9.67 15.8 0.776
24 24 3 1 49 65.7 53.1 19.8 7.26 0.26
24 24 3 0 79 42.3 5.6 136 4.37 0
24 24 2 1 585 186 154 55.6 3.82 0.00579
24 24 2 0 703 159 8.56 22.6 4.79 0
24 24 1 0 6e+03 1.04e+03 10.2 33.4 1.82 0
24 23 3 2 16.5 15.2 1.03e+03 14.1 11.2 0.483
24 23 3 1 58.8 66 50.2 21.8 7.1 0.258
24 23 3 0 87.4 44.6 5.57 154 4.23 0
24 23 2 1 597 148 238 46.3 4.26 0.00616
24 23 2 0 696 201 6.87 25.7 4.27 0
24 23 1 0 5.97e+03 1.5e+03 4.59 146 1.19 0
24 22 3 2 31 9.95 1.92e+03 9 14.5 0.35
24 22 3 1 74.4 64.5 53.9 21 7.2 0.26
24 22 3 0 103 42.9 5.8 180 4.2 0
24 22 2 1 616 187 148 70 3.7 0.1
24 22 2 0 716 174 7.72 26 4.5 0
24 22 1 0 5.99e+03 1.08e+03 9.16 50 1.65 0
24 21 3 2 49.2 34.8 222 54.5 6.48 0.344
24 21 3 1 92.8 67.8 48.6 28.2 6.63 0.267
24 21 3 0 122 42.6 6.25 160 4.22 0
24 21 2 1 634 172 180 50.7 3.99 0.00554
24 21 2 0 733 164 8.33 22.9 4.72 0
24 21 1 0 6e+03 1.22e+03 7.11 71.8 1.46 0
24 20 3 2 69.5 31 227 40 7 0.3
24 20 3 1 113 72.9 43.3 45 5.9 0.26
24 20 3 0 143 40.3 6.89 180 4.2 0
24 20 2 1 660 186 150 70 3.7 0.1
24 20 2 0 760 173 7.78 26 4.5 0
24 20 1 0 6.03e+03 1.08e+03 9.24 50 1.65 0
24 19 3 2 90.6 31 120 68.1 6.39 0.00311
24 19 3 1 136 66.9 53.7 34.2 6.34 0.224
24 19 3 0 166 38.3 7.71 172 4.24 0
24 19 2 1 686 164 196 50.2 4.06 0.00565
24 19 2 0 784 155 8.72 22.9 4.81 0
24 19 1 0 6.05e+03 1.13e+03 8.46 55.7 1.58 0
24 18 3 1 160 67.5 56.8 37.3 6.19 0.236
24 18 3 0 190 35.3 8.88 182 4.26 0
24 18 2 1 715 157 213 50.2 4.11 0.00571
24 18 2 0 814 155 8.73 23.2 4.79 0
24 18 1 0 6.08e+03 1.12e+03 8.56 56 1.58 0
24 17 3 1 185 70.3 46.9 45 5.9 0.26
24 17 3 0 215 37.3 9.13 180 4.2 0
24 17 2 1 744 185 154 70 3.7 0.1
24 17 2 0 843 172 7.93 26 4.5 0
24 17 1 0 6.11e+03 1.08e+03 9.37 50 1.65 0
24 16 3 1 209 66.4 43.1 42 6.06 0.313
24 16 3 0 242 24.6 14.2 234 4.37 0
24 16 2 1 782 143 257 50.4 4.23 0.00596
24 16 2 0 880 148 9.15 23.6 4.85 0
24 16 1 0 6.15e+03 1.11e+03 8.77 56.5 1.59 0
24 15 3 1 244 69.7 32.6 45 5.9 0.26
24 15 3 0 268 36.1 10.8 180 4.2 0
24 15 2 1 813 184 157 70 3.7 0.1
24 15 2 0 911 171 8.09 26 4.5 0
24 15 1 0 6.19e+03 1.07e+03 9.45 50 1.65 0
24 14 3 1 271 65.4 24.1 48.5 5.92 0.275
24 14 3 0 297 25.4 16.3 242 4.29 0
24 14 2 1 855 143 262 52.7 4.19 0.00599
24 14 2 0 951 145 9.39 24.3 4.84 0
24 14 1 0 6.23e+03 1.11e+03 8.76 55.8 1.59 0
24 13 3 1 298 66.8 12.5 49.6 5.86 0.306
24 13 3 0 326 11.6 36.5 441 4.49 0
24 13 2 1 893 142 264 53.2 4.18 0.00596
24 13 2 0 989 145 9.42 24.7 4.8 0
24 13 1 0 6.27e+03 1.12e+03 8.71 55.4 1.59 0
24 12 3 0 355 11.4 38.9 448 4.5 0
24 12 2 1 933 143 265 53.2 4.18 0.00591
24 12 2 0 1.03e+03 130 10.3 25.5 4.95 0
24 12 1 0 6.32e+03 1.1e+03 8.91 56.6 1.59 0
24 11 3 0 384 5.86 45.3 879 4.49 0
24 11 2 1 974 131 312 54.9 4.25 0.00624
24 11 2 0 1.07e+03 97.5 12.3 29.7 5.2 0
24 11 1 0 6.36e+03 993 11.2 43.3 1.75 0
24 10 2 1 1.01e+03 140 283 56 4.15 0.00577
24 10 2 0 1.11e+03 139 9.94 25 4.86 0
24 10 1 0 6.41e+03 1.02e+03 10.6 40.9 1.76 0
24 9 2 1 1.1e+03 170 174 50 4 0.3
24 9 2 0 1.19e+03 167 9.1 26 4.5 0
24 9 1 0 6.52e+03 1.07e+03 9.61 50 1.65 0
24 8 2 1 1.18e+03 130 265 74.5 3.96 0.00619
24 8 2 0 1.28e+03 151 10.5 26.6 4.59 0
24 8 1 0 6.65e+03 1.01e+03 10.9 40.9 1.75 0
24 7 2 1 1.3e+03 168 124 50 4 0.3
24 7 2 0 1.36e+03 162 10.5 26 4.5 0
24 7 1 0 6.77e+03 1.06e+03 9.98 50 1.65 0
24 6 2 1 1.4e+03 201 62.9 102 3.33 0.00163
24 6 2 0 1.45e+03 175 10.4 27.9 4.28 0
24 6 1 0 6.91e+03 1e+03 11.1 42.4 1.74 0
24 5 2 1 1.5e+03 222 26.9 109 3.19 0.00354
24 5 2 0 1.54e+03 175 10.9 28.9 4.22 0
24 5 1 0 7.04e+03 1e+03 11.2 44.6 1.72 0
24 4 2 0 1.63e+03 149 13.3 32.2 4.31 0
24 4 1 0 7.18e+03 995 11.6 48.4 1.69 0
24 3 2 0 1.72e+03 148 7.31 38.8 4.08 0
24 3 1 0 7.31e+03 982 12 51.8 1.67 0
24 2 1 0 7.48e+03 970 11.9 53.5 1.7 0
24 1 1 0 7.9e+03 250 95.1 32.9 2.96 0
25 25 4 0 7.43 11.8 1.55 2.92e+06 4.11 0.0326
25 25 3 2 14.3 13.1 1.67e+04 4.5 16.5 0.388
25 25 3 1 59.4 70.4 67 14.9 7.64 0.266
25 25 3 0 94.6 41.1 6.17 59.3 4.99 0
25 25 2 1 655 274 75 395 2.79 0.0466
25 25 2 0 782 83.2 11.6 21.9 6.15 0
25 25 1 0 6.55e+03 876 15.9 39.7 1.95 0
25 24 4 0 15.6 9.31 1.19 1.44e+09 4.09 0.000874
25 24 3 2 20.6 16.2 2.59e+05 2.41 18 0.477
25 24 3 1 70.1 71.4 49.8 21.3 7.13 0.262
25 24 3 0 102 43.6 5.74 102 4.56 0
25 24 2 1 671 221 118 92.1 3.46 0.197
25 24 2 0 775 135 9.82 19.7 5.39 0
25 24 1 0 6.52e+03 868 16.3 24 2.21 0
25 23 3 2 33.7 16 1.99e+05 2.54 18.1 0.654
25 23 3 1 80.6 71.9 47.1 23.6 6.98 0.257
25 23 3 0 112 49.6 5.28 254 4.01 0
25 23 2 1 682 191 161 62 3.84 0.0255
25 23 2 0 786 202 6.78 27.6 4.33 0
25 23 1 0 6.53e+03 1.15e+03 8.98 29 1.86 0
25 22 3 2 51.2 36.2 319 40 7 0.3
25 22 3 1 98.8 81.2 36.7 45 5.9 0.26
25 22 3 0 130 45.3 5.86 180 4.2 0
25 22 2 1 706 202 143 70 3.7 0.1
25 22 2 0 812 187 7.32 26 4.5 0
25 22 1 0 6.56e+03 1.17e+03 8.54 50 1.65 0
25 21 3 2 72.4 38 229 76.8 6.21 0.0611
25 21 3 1 121 68.9 52.9 25.9 6.86 0.184
25 21 3 0 153 50.2 5.95 312 3.87 0
25 21 2 1 728 191 161 60.6 3.85 0.0255
25 21 2 0 832 178 7.66 25.1 4.61 0
25 21 1 0 6.58e+03 1.04e+03 11 32 1.9 0
25 20 3 2 95.8 34.5 236 40 7 0.3
25 20 3 1 144 78.6 43.7 45 5.9 0.26
25 20 3 0 177 42.7 7.05 180 4.2 0
25 20 2 1 756 201 145 70 3.7 0.1
25 20 2 0 861 187 7.37 26 4.5 0
25 20 1 0 6.6e+03 1.17e+03 8.59 50 1.65 0
25 19 3 2 119 38.7 97.1 113 5.8 0.144
25 19 3 1 169 76.2 49.3 38.8 6.12 0.309
25 19 3 0 202 51.8 6.79 381 3.72 0
25 19 2 1 786 174 194 53.5 4.04 0.0166
25 19 2 0 890 167 8.2 23.9 4.77 0
25 19 1 0 6.63e+03 1.02e+03 11.5 32.2 1.92 0
25 18 3 1 194 78.2 49.9 47.6 5.83 0.309
25 18 3 0 228 53.3 7.24 445 3.62 0
25 18 2 1 819 175 192 58.1 3.97 0.0172
25 18 2 0 923 168 8.17 24.4 4.73 0
25 18 1 0 6.66e+03 1.02e+03 11.5 32.6 1.91 0
25 17 3 1 222 76.3 46.5 45 5.9 0.26
25 17 3 0 255 39.9 9.2 180 4.2 0
25 17 2 1 849 200 148 70 3.7 0.1
25 17 2 0 954 186 7.52 26 4.5 0
25 17 1 0 6.7e+03 1.17e+03 8.67 50 1.65 0
25 16 3 1 248 72.8 41.7 43.2 6.01 0.384
25 16 3 0 284 23.6 15.9 257 4.39 0
25 16 2 1 891 156 243 53.8 4.17 0.014
25 16 2 0 994 155 8.8 24 4.87 0
25 16 1 0 6.74e+03 1.01e+03 11.7 33.5 1.91 0
25 15 3 1 286 75.7 31.8 45 5.9 0.26
25 15 3 0 312 38.6 10.7 180 4.2 0
25 15 2 1 924 199 151 70 3.7 0.1
25 15 2 0 1.03e+03 185 7.67 26 4.5 0
25 15 1 0 6.78e+03 1.16e+03 8.72 50 1.65 0
25 14 3 1 314 74.4 22.2 49.7 5.83 0.405
25 14 3 0 343 22.7 19.3 277 4.34 0
25 14 2 1 969 154 251 56 4.14 0.0143
25 14 2 0 1.07e+03 152 9.04 24.7 4.86 0
25 14 1 0 6.83e+03 1.02e+03 11.6 33.3 1.9 0
25 13 3 1 344 72.9 12.1 52.5 5.79 0.000163
25 13 3 0 373 22.9 20.3 277 4.33 0
25 13 2 1 1.01e+03 153 255 56.4 4.14 0.0144
25 13 2 0 1.11e+03 144 9.48 25.4 4.92 0
25 13 1 0 6.87e+03 1.02e+03 11.4 33.1 1.9 0
25 12 3 0 403 13.4 35.3 418 4.46 0
25 12 2 1 1.05e+03 157 246 56.6 4.11 0.0141
25 12 2 0 1.15e+03 141 9.67 26.2 4.9 0
25 12 1 0 6.92e+03 1.02e+03 11.7 34.3 1.89 0
25 11 3 0 435 5.05 58.6 1.1e+03 4.49 0
25 11 2 1 1.1e+03 158 246 58.1 4.08 0.0142
25 11 2 0 1.2e+03 108 11.5 30 5.14 0
25 11 1 0 6.97e+03 995 12.2 36.3 1.88 0
25 10 2 1 1.13e+03 159 247 59.8 4.04 0.0142
25 10 2 0 1.24e+03 147 9.53 25.6 4.86 0
25 10 1 0 7.02e+03 1.01e+03 11.9 33.7 1.91 0
25 9 2 1 1.22e+03 185 165 50 4 0.3
25 9 2 0 1.32e+03 180 8.6 26 4.5 0
25 9 1 0 7.13e+03 1.16e+03 8.93 50 1.65 0
25 8 2 1 1.32e+03 189 138 79.2 3.62 0.0171
25 8 2 0 1.41e+03 145 10.9 27.4 4.74 0
25 8 1 0 7.27e+03 1.00e+03 12.1 34.6 1.89 0
25 7 2 1 1.44e+03 182 116 50 4 0.3
25 7 2 0 1.5e+03 175 9.87 26 4.5 0
25 7 1 0 7.39e+03 1.14e+03 9.26 50 1.65 0
25 6 2 1 1.54e+03 240 47.4 115 3.19 0.0124
25 6 2 0 1.6e+03 188 9.74 28.2 4.28 0
25 6 1 0 7.54e+03 997 12.4 36.6 1.87 0
25 5 2 1 1.64e+03 258 21.6 123 3.09 0.0172
25 5 2 0 1.69e+03 195 9.88 28.4 4.2 0
25 5 1 0 7.68e+03 995 12.6 38.2 1.85 0
25 4 2 0 1.79e+03 163 12.3 32.3 4.29 0
25 4 1 0 7.83e+03 992 12.8 42.6 1.8 0
25 3 2 0 1.88e+03 200 5.35 39.3 3.8 0
25 3 1 0 7.96e+03 1e+03 12.7 47.3 1.75 0
25 2 1 0 8.14e+03 966 13.1 48.3 1.79 0
25 1 1 0 8.57e+03 271 87.6 32.9 2.96 0
26 26 4 0 7.9 12.8 1.47 1.12e+05 4.11 0.0324
26 26 3 2 14.7 14.1 1.85e+04 4.46 16.9 0.404
26 26 3 1 66 76.3 63 14.8 7.67 0.265
26 26 3 0 104 43.3 5.92 52.9 5.13 0
26 26 2 1 724 295 71.9 322 2.84 0.0631
26 26 2 0 857 57.3 10.8 27.9 6.64 0
26 26 1 0 7.12e+03 804 20.5 36.3 2.12 0
26 25 4 0 16.2 10.1 1.08 2.56e+04 4.17 0.016
26 25 3 2 21.9 19.3 3.68e+04 3.56 15.7 0.414
26 25 3 1 76.2 77.5 46.2 21.5 7.14 0.26
26 25 3 0 110 46.6 5.43 92.7 4.64 0
26 25 2 1 734 228 124 80.6 3.57 0.122
26 25 2 0 852 143 9.29 20.3 5.38 0
26 25 1 0 7.09e+03 893 16.7 23.8 2.26 0
26 24 3 2 30.6 26.7 6.3e+03 5.39 12.3 0.441
26 24 3 1 87.1 77.8 44.2 23.4 7.02 0.256
26 24 3 0 121 52.8 5.01 213 4.09 0
26 24 2 1 745 202 159 59.9 3.88 1.31e-05
26 24 2 0 863 216 6.45 27.2 4.36 0
26 24 1 0 7.1e+03 1.24e+03 8.31 31.7 1.83 0
26 23 3 2 54.8 41.5 368 35.3 7.06 0.332
26 23 3 1 107 76.2 48.1 22.9 7.04 0.245
26 23 3 0 141 52.6 5.3 233 4.04 0
26 23 2 1 767 203 158 59.3 3.88 1.31e-05
26 23 2 0 885 206 6.7 27.7 4.41 0
26 23 1 0 7.12e+03 1.16e+03 9.71 33.3 1.87 0
26 22 3 2 75 43.7 266 62.7 6.34 0.24
26 22 3 1 129 72.7 51.4 24.3 7.03 0.137
26 22 3 0 163 52.2 5.67 248 3.99 0
26 22 2 1 792 200 164 57.2 3.92 1.32e-05
26 22 2 0 910 182 7.62 24 4.75 0
26 22 1 0 7.15e+03 1.12e+03 10.3 35.3 1.87 0
26 21 3 2 99.1 44.9 208 95.8 5.91 0.0237
26 21 3 1 153 72.6 52.5 27.5 6.82 0.0211
26 21 3 0 188 52.8 6.05 280 3.91 0
26 21 2 1 820 195 171 56.9 3.95 1.33e-05
26 21 2 0 938 180 7.68 24.1 4.76 0
26 21 1 0 7.18e+03 1.11e+03 10.5 35.4 1.87 0
26 20 3 2 125 43.3 170 97.9 5.91 0.026
26 20 3 1 178 74.3 52.1 33.1 6.51 0.024
26 20 3 0 214 53.7 6.46 317 3.82 0
26 20 2 1 851 184 192 52.4 4.08 1.38e-05
26 20 2 0 969 169 8.14 23.2 4.91 0
26 20 1 0 7.21e+03 1.11e+03 10.6 35.6 1.87 0
26 19 3 2 151 36.5 132 92.8 6.15 0.0205
26 19 3 1 206 75.6 53.4 38.5 6.26 0.0267
26 19 3 0 241 54.5 6.94 360 3.74 0
26 19 2 1 885 179 203 52.9 4.11 1.4e-05
26 19 2 0 1e+03 169 8.16 23.5 4.89 0
26 19 1 0 7.24e+03 1.1e+03 10.7 35.8 1.88 0
26 18 3 1 234 77 55.3 43.8 6.06 0.0267
26 18 3 0 270 57 7.24 409 3.64 0
26 18 2 1 921 172 220 53 4.15 1.51e-05
26 18 2 0 1.04e+03 171 8.13 23.9 4.85 0
26 18 1 0 7.28e+03 1.1e+03 10.7 35.8 1.88 0
26 17 3 1 262 79.1 46.9 51.2 5.84 0.0257
26 17 3 0 299 58.5 7.65 468 3.56 0
26 17 2 1 959 165 239 52.8 4.2 1.57e-05
26 17 2 0 1.08e+03 171 8.14 24.4 4.82 0
26 17 1 0 7.32e+03 1.1e+03 10.8 36 1.88 0
26 16 3 1 290 79.7 39.2 55.7 5.73 0.0283
26 16 3 0 329 60.6 7.96 521 3.49 0
26 16 2 1 998 163 245 54.5 4.19 1.59e-05
26 16 2 0 1.12e+03 171 8.14 25.2 4.77 0
26 16 1 0 7.36e+03 1.1e+03 10.8 36 1.88 0
26 15 3 1 331 81.5 30.2 60.4 5.61 0.0277
26 15 3 0 360 63.3 8.14 564 3.42 0
26 15 2 1 1.04e+03 138 332 50.9 4.45 1.11e-05
26 15 2 0 1.16e+03 172 8.16 25.7 4.74 0
26 15 1 0 7.4e+03 1.1e+03 10.8 36.1 1.88 0
26 14 3 1 361 82 20.9 61.3 5.6 0.0344
26 14 3 0 392 67.1 8.09 589 3.36 0
26 14 2 1 1.08e+03 139 332 52.4 4.41 1.11e-05
26 14 2 0 1.2e+03 172 8.2 26.3 4.71 0
26 14 1 0 7.45e+03 1.1e+03 10.7 35.8 1.88 0
26 13 3 1 392 79.9 11.4 58.1 5.68 0.0651
26 13 3 0 424 70.8 7.97 565 3.33 0
26 13 2 1 1.12e+03 139 337 52.8 4.41 1.11e-05
26 13 2 0 1.24e+03 172 8.24 26.9 4.68 0
26 13 1 0 7.5e+03 1.11e+03 10.5 35.6 1.87 0
26 12 3 0 457 40.6 12.3 180 4.2 0
26 12 2 1 1.18e+03 214 150 70 3.7 0.1
26 12 2 0 1.29e+03 197 7.55 26 4.5 0
26 12 1 0 7.55e+03 1.26e+03 8.1 50 1.65 0
26 11 3 0 489 28.7 12.1 515 3.85 0
26 11 2 1 1.22e+03 140 338 54.6 4.37 1.18e-05
26 11 2 0 1.33e+03 136 9.94 30.3 4.89 0
26 11 1 0 7.6e+03 1.06e+03 11.6 37.1 1.89 0
26 10 2 1 1.26e+03 141 337 55.7 4.33 1.18e-05
26 10 2 0 1.38e+03 153 9.19 26.9 4.85 0
26 10 1 0 7.65e+03 1.07e+03 11.5 34.1 1.92 0
26 9 2 1 1.36e+03 200 156 50 4 0.3
26 9 2 0 1.46e+03 194 8.15 26 4.5 0
26 9 1 0 7.77e+03 1.25e+03 8.33 50 1.65 0
26 8 2 1 1.46e+03 134 300 70.1 4.14 1.63e-05
26 8 2 0 1.56e+03 162 10 26.8 4.71 0
26 8 1 0 7.92e+03 1.07e+03 11.6 35.8 1.89 0
26 7 2 1 1.58e+03 198 109 50 4 0.3
26 7 2 0 1.65e+03 189 9.3 26 4.5 0
26 7 1 0 8.04e+03 1.24e+03 8.62 50 1.65 0
26 6 2 1 1.69e+03 197 77.2 50 4 0.3
26 6 2 0 1.74e+03 186 9.94 26 4.5 0
26 6 1 0 8.18e+03 1.23e+03 8.77 50 1.65 0
26 5 2 1 1.8e+03 80.7 268 119 4.19 1.9e-05
26 5 2 0 1.85e+03 171 11.2 28.4 4.5 0
26 5 1 0 8.35e+03 1.07e+03 11.8 41.2 1.83 0
26 4 2 0 1.95e+03 180 11.4 26 4.5 0
26 4 1 0 8.48e+03 1.22e+03 9.1 50 1.65 0
26 3 2 0 2.05e+03 187 5.83 38.5 4 0
26 3 1 0 8.64e+03 1.09e+03 11.6 50.9 1.72 0
26 2 1 0 8.83e+03 1.06e+03 11.9 57.7 1.72 0
26 1 1 0 9.28e+03 293 81 32.9 2.96 0
27 27 4 0 7.86 13.7 1.55 756 4.34 0.0336
27 27 3 2 15.8 15.8 4.93e+03 6.61 15.3 0.368
27 27 3 1 73 82.6 45.9 19.7 7.33 0.257
27 27 3 0 115 51 4.9 120 4.51 0
27 27 2 1 800 283 90.8 76.9 3.42 4.83e-05
27 27 2 0 940 88.9 10.3 28 5.91 0
27 27 1 0 7.72e+03 627 35.8 31.6 2.48 0
27 26 3 2 17.1 2.42 12.8 28.2 18.4 4.81e-05
27 26 3 1 76.2 84.1 43 20.7 7.21 0.255
27 26 3 0 113 56 4.67 136 4.32 0
27 26 2 1 800 199 181 52.7 4.08 0.000143
27 26 2 0 925 171 8 22.7 5.04 0
27 26 1 0 7.68e+03 2.08e+03 3.02 1.07e+03 0.965 0
27 25 3 2 33.5 21.8 1.20e+03 14.3 11.1 0.0127
27 25 3 1 93.6 84.2 41.9 23 7.04 0.255
27 25 3 0 130 54.3 4.87 138 4.34 0
27 25 2 1 830 209 165 54.6 3.99 8.47e-06
27 25 2 0 944 217 6.67 23.5 4.6 0
27 25 1 0 7.7e+03 1.49e+03 6.15 52.8 1.57 0
27 24 3 2 51.3 45.3 376 40 7 0.3
27 24 3 1 113 96.2 31.8 45 5.9 0.26
27 24 3 0 150 53.4 5.16 180 4.2 0
27 24 2 1 856 233 133 70 3.7 0.1
27 24 2 0 973 217 6.56 26 4.5 0
27 24 1 0 7.73e+03 1.36e+03 7.41 50 1.65 0
27 23 3 2 79.5 43.7 379 44 6.89 0.000108
27 23 3 1 137 83.8 42.8 27.7 6.74 0.246
27 23 3 0 174 50.2 5.62 148 4.34 0
27 23 2 1 878 208 167 55 3.99 8.5e-06
27 23 2 0 992 184 7.61 23 4.9 0
27 23 1 0 7.75e+03 1.31e+03 8.03 50.5 1.67 0
27 22 3 2 102 43.5 348 40 7 0.3
27 22 3 1 162 93.2 37.3 45 5.9 0.26
27 22 3 0 200 50.4 6.11 180 4.2 0
27 22 2 1 907 232 134 70 3.7 0.1
27 22 2 0 1.02e+03 216 6.59 26 4.5 0
27 22 1 0 7.78e+03 1.36e+03 7.42 50 1.65 0
27 21 3 2 129 44.3 275 58.3 6.48 0.000109
27 21 3 1 188 86.9 44.6 33.2 6.38 0.312
27 21 3 0 226 44.3 6.99 166 4.35 0
27 21 2 1 938 202 177 55.8 4.02 8.77e-06
27 21 2 0 1.05e+03 180 7.74 23.4 4.91 0
27 21 1 0 7.81e+03 1.3e+03 8.26 51 1.68 0
27 20 3 2 158 42.6 230 40 7 0.3
27 20 3 1 216 90.9 43.7 45 5.9 0.26
27 20 3 0 254 47.9 7.24 180 4.2 0
27 20 2 1 969 231 136 70 3.7 0.1
27 20 2 0 1.09e+03 216 6.64 26 4.5 0
27 20 1 0 7.84e+03 1.36e+03 7.43 50 1.65 0
27 19 3 2 186 34.6 174 76.8 6.52 0.000171
27 19 3 1 245 90.1 47.9 38.1 6.1 0.413
27 19 3 0 283 37.7 9.28 194 4.36 0
27 19 2 1 1.01e+03 194 190 58 4.03 8.96e-06
27 19 2 0 1.12e+03 180 7.76 24 4.88 0
27 19 1 0 7.88e+03 1.29e+03 8.38 49.6 1.7 0
27 18 3 1 275 90.5 50.5 40.5 6 0.462
27 18 3 0 314 31 11.9 226 4.4 0
27 18 2 1 1.05e+03 192 195 60 4.01 9.09e-06
27 18 2 0 1.16e+03 181 7.77 24.4 4.85 0
27 18 1 0 7.92e+03 1.27e+03 8.67 46.5 1.73 0
27 17 3 1 305 89.1 44.9 45 5.9 0.26
27 17 3 0 344 45.2 9.2 180 4.2 0
27 17 2 1 1.08e+03 230 138 70 3.7 0.1
27 17 2 0 1.2e+03 215 6.77 26 4.5 0
27 17 1 0 7.95e+03 1.36e+03 7.45 50 1.65 0
27 16 3 1 336 92.3 36 45.1 5.84 0.57
27 16 3 0 378 21.9 19.5 312 4.42 0
27 16 2 1 1.13e+03 192 197 62.3 3.98 9.1e-06
27 16 2 0 1.24e+03 176 8.02 25.1 4.85 0
27 16 1 0 8.00e+03 1.26e+03 8.7 46.4 1.73 0
27 15 3 1 379 88.8 29.9 45 5.9 0.26
27 15 3 0 409 44.1 10.5 180 4.2 0
27 15 2 1 1.17e+03 230 140 70 3.7 0.1
27 15 2 0 1.28e+03 214 6.9 26 4.5 0
27 15 1 0 8.04e+03 1.36e+03 7.46 50 1.65 0
27 14 3 1 411 99.2 17.9 52.2 5.59 0.571
27 14 3 0 444 25.3 19.8 294 4.32 0
27 14 2 1 1.22e+03 193 199 64.1 3.95 9.11e-06
27 14 2 0 1.33e+03 172 8.25 25.9 4.84 0
27 14 1 0 8.1e+03 1.27e+03 8.59 46 1.73 0
27 13 3 1 444 136 6.17 47.2 5.25 0.824
27 13 3 0 478 26.5 19.8 283 4.3 0
27 13 2 1 1.27e+03 193 200 64.5 3.94 9.1e-06
27 13 2 0 1.38e+03 173 8.29 26.3 4.81 0
27 13 1 0 8.15e+03 1.28e+03 8.53 46 1.73 0
27 12 3 0 512 26.9 21.2 317 4.21 0
27 12 2 1 1.31e+03 206 178 65.3 3.87 8.97e-06
27 12 2 0 1.42e+03 167 8.54 27 4.82 0
27 12 1 0 8.21e+03 1.28e+03 8.54 47.6 1.71 0
27 11 3 0 547 12.6 27.3 646 4.28 0
27 11 2 1 1.36e+03 205 180 66.6 3.86 9e-06
27 11 2 0 1.47e+03 143 9.6 30 4.93 0
27 11 1 0 8.26e+03 1.25e+03 8.97 49.1 1.72 0
27 10 2 1 1.4e+03 206 182 68.6 3.82 9.07e-06
27 10 2 0 1.52e+03 164 8.75 27 4.85 0
27 10 1 0 8.32e+03 1.25e+03 8.9 46.3 1.74 0
27 9 2 1 1.50e+03 216 148 50 4 0.3
27 9 2 0 1.61e+03 208 7.73 26 4.5 0
27 9 1 0 8.43e+03 1.34e+03 7.78 50 1.65 0
27 8 2 1 1.6e+03 245 98.9 92.6 3.43 9.87e-06
27 8 2 0 1.71e+03 171 9.6 27.3 4.72 0
27 8 1 0 8.6e+03 1.26e+03 8.87 47.9 1.72 0
27 7 2 1 1.74e+03 213 103 50 4 0.3
27 7 2 0 1.8e+03 203 8.77 26 4.5 0
27 7 1 0 8.72e+03 1.33e+03 8.04 50 1.65 0
27 6 2 1 1.85e+03 216 73.5 94.6 3.54 1.18e-05
27 6 2 0 1.91e+03 176 10.4 27.8 4.61 0
27 6 1 0 8.89e+03 1.28e+03 8.7 52.7 1.67 0
27 5 2 1 1.96e+03 192 49.9 93.9 3.63 2.24e-05
27 5 2 0 2.01e+03 180 10.7 28.8 4.52 0
27 5 1 0 9.05e+03 1.28e+03 8.81 55.1 1.65 0
27 4 2 0 2.12e+03 159 12.5 33.7 4.49 0
27 4 1 0 9.20e+03 1.27e+03 9.03 60.6 1.62 0
27 3 2 0 2.22e+03 235 4.6 38.7 3.81 0
27 3 1 0 9.35e+03 1.25e+03 9.38 63.8 1.61 0
27 2 1 0 9.54e+03 1.25e+03 9.05 67.9 1.61 0
27 1 1 0 1e+04 316 75.1 32.9 2.96 0
28 28 4 0 7.64 14.7 1.44 741 4.34 0.0391
28 28 3 2 17 6.06 1.19e+03 6.82 22.2 0.00623
28 28 3 1 82 89 43.5 19.4 7.37 0.257
28 28 3 0 125 54.5 4.61 116 4.55 0
28 28 2 1 876 304 86.1 78.7 3.41 1.68e-05
28 28 2 0 1.02e+03 113 9.42 27.1 5.64 0
28 28 1 0 8.35e+03 737 28.4 36.2 2.32 0
28 27 3 2 18.2 1.5 0.926 44.4 19.3 0.0371
28 27 3 1 82.3 90.7 40.8 20.5 7.25 0.255
28 27 3 0 122 60.2 4.39 131 4.35 0
28 27 2 1 875 220 162 56.5 3.99 0.000125
28 27 2 0 1.01e+03 181 7.63 22.9 5.06 0
28 27 1 0 8.31e+03 2.25e+03 2.78 1.32e+03 0.954 0
28 26 3 2 35.3 29.7 1.96e+03 9.75 11.4 0.402
28 26 3 1 100 90.6 39.8 22.5 7.09 0.254
28 26 3 0 140 58.2 4.59 133 4.37 0
28 26 2 1 908 223 159 56.5 3.98 4.04e-07
28 26 2 0 1.03e+03 232 6.31 23.6 4.6 0
28 26 1 0 8.32e+03 1.65e+03 5.37 67.6 1.49 0
28 25 3 2 54.9 50.2 392 40 7 0.3
28 25 3 1 120 104 29.6 45 5.9 0.26
28 25 3 0 160 57.7 4.85 180 4.2 0
28 25 2 1 936 249 129 70 3.7 0.1
28 25 2 0 1.06e+03 232 6.23 26 4.5 0
28 25 1 0 8.35e+03 1.47e+03 6.93 50 1.65 0
28 24 3 2 76.1 46.9 436 38.7 7.12 0.00326
28 24 3 1 145 90.4 40.2 27 6.8 0.251
28 24 3 0 185 53.9 5.24 143 4.37 0
28 24 2 1 958 222 161 57 3.98 4.06e-07
28 24 2 0 1.08e+03 196 7.23 23.1 4.91 0
28 24 1 0 8.37e+03 1.46e+03 6.93 63.4 1.58 0
28 23 3 2 108 48.4 380 40 7 0.3
28 23 3 1 171 101 34.6 45 5.9 0.26
28 23 3 0 212 54.5 5.71 180 4.2 0
28 23 2 1 989 248 130 70 3.7 0.1
28 23 2 0 1.11e+03 232 6.24 26 4.5 0
28 23 1 0 8.4e+03 1.47e+03 6.93 50 1.65 0
28 22 3 2 133 50.6 312 54.2 6.51 0.000151
28 22 3 1 197 93.8 41.4 32.2 6.44 0.323
28 22 3 0 238 47.6 6.46 161 4.38 0
28 22 2 1 1.02e+03 219 164 58.6 3.97 4.14e-07
28 22 2 0 1.14e+03 195 7.25 23.8 4.88 0
28 22 1 0 8.43e+03 1.43e+03 7.27 63.3 1.6 0
28 21 3 2 162 47.3 299 40 7 0.3
28 21 3 1 227 98.5 40.3 45 5.9 0.26
28 21 3 0 268 51.8 6.73 180 4.2 0
28 21 2 1 1.05e+03 248 131 70 3.7 0.1
28 21 2 0 1.17e+03 231 6.28 26 4.5 0
28 21 1 0 8.46e+03 1.47e+03 6.92 50 1.65 0
28 20 3 2 193 42.1 260 69.2 6.49 0.000142
28 20 3 1 256 102 42 36.6 6.08 0.481
28 20 3 0 297 39.8 8.59 189 4.39 0
28 20 2 1 1.09e+03 219 165 61.6 3.93 4.16e-07
28 20 2 0 1.21e+03 194 7.32 24.2 4.87 0
28 20 1 0 8.5e+03 1.44e+03 7.18 62.5 1.6 0
28 19 3 2 225 38.4 171 79.7 6.44 0.000122
28 19 3 1 288 103 43.7 38.8 5.98 0.528
28 19 3 0 329 34.5 10.5 215 4.41 0
28 19 2 1 1.13e+03 211 178 62 3.97 4.27e-07
28 19 2 0 1.25e+03 193 7.35 24.5 4.85 0
28 19 1 0 8.54e+03 1.44e+03 7.17 62.5 1.6 0
28 18 3 1 321 100 47.4 41.7 5.92 0.523
28 18 3 0 362 29 13.4 252 4.43 0
28 18 2 1 1.17e+03 209 182 64 3.95 4.27e-07
28 18 2 0 1.29e+03 192 7.4 24.8 4.84 0
28 18 1 0 8.58e+03 1.44e+03 7.16 62.5 1.6 0
28 17 3 1 352 96 43.8 45 5.9 0.26
28 17 3 0 393 48.1 9.15 180 4.2 0
28 17 2 1 1.21e+03 247 134 70 3.7 0.1
28 17 2 0 1.33e+03 230 6.43 26 4.5 0
28 17 1 0 8.62e+03 1.47e+03 6.92 50 1.65 0
28 16 3 1 384 116 29.1 43.8 5.65 0.743
28 16 3 0 429 20 22.7 361 4.44 0
28 16 2 1 1.26e+03 209 185 66.4 3.92 4.31e-07
28 16 2 0 1.38e+03 189 7.59 25.6 4.82 0
28 16 1 0 8.68e+03 1.44e+03 7.18 62.5 1.6 0
28 15 3 1 430 95.9 28.9 45 5.9 0.26
28 15 3 0 462 47 10.4 180 4.2 0
28 15 2 1 1.3e+03 246 136 70 3.7 0.1
28 15 2 0 1.42e+03 229 6.55 26 4.5 0
28 15 1 0 8.72e+03 1.47e+03 6.91 50 1.65 0
28 14 3 1 464 154 10.5 47.4 5.18 0.837
28 14 3 0 499 23.8 23.8 379 4.24 0
28 14 2 1 1.36e+03 211 185 68.7 3.89 4.29e-07
28 14 2 0 1.47e+03 184 7.82 26.4 4.82 0
28 14 1 0 8.78e+03 1.45e+03 7.08 61.4 1.6 0
28 13 3 1 498 171 4.71 47.9 5.02 0.848
28 13 3 0 535 25 23.6 362 4.22 0
28 13 2 1 1.40e+03 218 174 69.5 3.84 4.4e-07
28 13 2 0 1.52e+03 185 7.85 26.8 4.78 0
28 13 1 0 8.84e+03 1.45e+03 7.05 60.4 1.6 0
28 12 3 0 571 25.8 23.4 346 4.23 0
28 12 2 1 1.46e+03 233 154 70.4 3.76 4.22e-07
28 12 2 0 1.57e+03 182 8.01 27.4 4.78 0
28 12 1 0 8.89e+03 1.44e+03 7.16 61.2 1.6 0
28 11 3 0 607 10.3 36.7 825 4.3 0
28 11 2 1 1.51e+03 233 154 71.8 3.75 4.4e-07
28 11 2 0 1.62e+03 144 9.47 31 4.98 0
28 11 1 0 8.95e+03 1.38e+03 7.84 58.4 1.64 0
28 10 2 1 1.54e+03 236 153 74.5 3.7 4.69e-07
28 10 2 0 1.67e+03 144 9.45 27.8 5.13 0
28 10 1 0 9.01e+03 1.4e+03 7.63 55.3 1.65 0
28 9 2 1 1.65e+03 232 140 50 4 0.3
28 9 2 0 1.76e+03 223 7.34 26 4.5 0
28 9 1 0 9.12e+03 1.44e+03 7.28 50 1.65 0
28 8 2 1 1.76e+03 214 143 76.3 3.75 5.53e-07
28 8 2 0 1.87e+03 161 9.95 28.4 4.88 0
28 8 1 0 9.3e+03 1.4e+03 7.67 56.8 1.64 0
28 7 2 1 1.89e+03 230 96.7 50 4 0.3
28 7 2 0 1.96e+03 218 8.28 26 4.5 0
28 7 1 0 9.42e+03 1.43e+03 7.52 50 1.65 0
28 6 2 1 2.01e+03 214 82.2 95.1 3.62 6.84e-07
28 6 2 0 2.08e+03 173 10.5 27.4 4.77 0
28 6 1 0 9.61e+03 1.42e+03 7.6 62.3 1.6 0
28 5 2 1 2.13e+03 247 32 101 3.43 2.06e-06
28 5 2 0 2.18e+03 165 11.4 30 4.71 0
28 5 1 0 9.77e+03 1.4e+03 7.79 64 1.59 0
28 4 2 0 2.3e+03 181 11.2 33.3 4.43 0
28 4 1 0 9.94e+03 1.38e+03 8.15 67.8 1.58 0
28 3 2 0 2.4e+03 131 8.14 45.2 4.48 0
28 3 1 0 1.01e+04 1.37e+03 8.34 73.5 1.56 0
28 2 1 0 1.03e+04 1.35e+03 8.38 74.3 1.59 0
28 1 1 0 1.08e+04 341 69.8 32.9 2.96 0
29 29 4 0 7.73 14.4 0.468 2.38e+03 4.22 0.0374
29 29 3 2 10.6 7.28 1.03e+03 7.99 20.3 1.58
29 29 3 1 83 96.2 42.8 17.5 7.55 0.26
29 29 3 0 129 62 4.16 116 4.49 0
29 29 2 1 947 283 109 66.9 3.67 9.17e-07
29 29 2 0 1.11e+03 250 5.94 24 4.58 0
29 29 1 0 8.99e+03 1.79e+03 4.87 76.4 1.45 0
29 28 3 2 20.3 15.9 3.99e+03 7.1 16.2 0.744
29 28 3 1 88.6 97.5 38.7 20.2 7.28 0.254
29 28 3 0 131 64.7 4.14 128 4.37 0
29 28 2 1 972 233 159 57.8 4 2.54e-08
29 28 2 0 1.1e+03 305 4.89 26.8 4.16 0
29 28 1 0 8.95e+03 2.38e+03 2.66 749 0.994 0
29 27 3 2 36.8 35.4 1.18e+03 13.9 10.2 0.342
29 27 3 1 107 97.4 37.7 22.1 7.13 0.254
29 27 3 0 150 62.5 4.31 129 4.39 0
29 27 2 1 991 237 154 58.5 3.97 2.52e-08
29 27 2 0 1.12e+03 251 5.93 23.8 4.58 0
29 27 1 0 8.97e+03 2.02e+03 3.76 226 1.18 0
29 26 3 2 57.4 55.4 403 40 7 0.3
29 26 3 1 128 113 27.7 45 5.9 0.26
29 26 3 0 170 62.2 4.57 180 4.2 0
29 26 2 1 1.02e+03 265 125 70 3.7 0.1
29 26 2 0 1.15e+03 248 5.91 26 4.5 0
29 26 1 0 9e+03 1.57e+03 6.5 50 1.65 0
29 25 3 2 79.9 58.8 387 37.7 6.88 0.309
29 25 3 1 153 96.5 38 26.2 6.87 0.246
29 25 3 0 196 57.8 4.9 139 4.4 0
29 25 2 1 1.04e+03 237 154 59.5 3.95 2.52e-08
29 25 2 0 1.17e+03 207 6.88 23.4 4.92 0
29 25 1 0 9.02e+03 1.57e+03 6.44 69.1 1.56 0
29 24 3 2 103 53.5 401 40 7 0.3
29 24 3 1 180 109 32.2 45 5.9 0.26
29 24 3 0 224 58.8 5.34 180 4.2 0
29 24 2 1 1.07e+03 265 126 70 3.7 0.1
29 24 2 0 1.2e+03 248 5.92 26 4.5 0
29 24 1 0 9.05e+03 1.57e+03 6.48 50 1.65 0
29 23 3 2 139 56.5 345 50.1 6.56 0.00217
29 23 3 1 207 101 38.6 31.2 6.49 0.333
29 23 3 0 250 50.8 5.99 156 4.41 0
29 23 2 1 1.1e+03 238 153 61.6 3.92 2.51e-08
29 23 2 0 1.23e+03 197 7.14 23.8 4.98 0
29 23 1 0 9.08e+03 1.54e+03 6.73 72 1.56 0
29 22 3 2 167 52.4 347 40 7 0.3
29 22 3 1 238 106 37.3 45 5.9 0.26
29 22 3 0 282 55.9 6.26 180 4.2 0
29 22 2 1 1.14e+03 264 126 70 3.7 0.1
29 22 2 0 1.27e+03 248 5.94 26 4.5 0
29 22 1 0 9.11e+03 1.57e+03 6.47 50 1.65 0
29 21 3 2 199 50 304 63.5 6.46 0.00204
29 21 3 1 267 98.2 43.1 36.7 6.29 0.276
29 21 3 0 311 43.5 7.77 182 4.41 0
29 21 2 1 1.18e+03 238 152 64.2 3.89 2.52e-08
29 21 2 0 1.3e+03 196 7.19 24.2 4.96 0
29 21 1 0 9.16e+03 1.55e+03 6.67 69.6 1.57 0
29 20 3 2 232 52.1 209 40 7 0.3
29 20 3 1 300 104 42.9 45 5.9 0.26
29 20 3 0 345 53.5 7.32 180 4.2 0
29 20 2 1 1.21e+03 264 127 70 3.7 0.1
29 20 2 0 1.34e+03 247 5.99 26 4.5 0
29 20 1 0 9.18e+03 1.57e+03 6.45 50 1.65 0
29 19 3 2 266 46 146 79.7 6.28 0.0045
29 19 3 1 334 102 46.5 42.1 6.02 0.363
29 19 3 0 378 33.1 11.5 235 4.44 0
29 19 2 1 1.26e+03 232 162 66.7 3.89 2.4e-08
29 19 2 0 1.39e+03 198 7.17 24.9 4.9 0
29 19 1 0 9.24e+03 1.55e+03 6.63 69.2 1.57 0
29 18 3 1 369 102 48.9 44.8 5.92 0.4
29 18 3 0 413 33.6 12.5 244 4.37 0
29 18 2 1 1.31e+03 229 167 68.6 3.88 2.42e-08
29 18 2 0 1.43e+03 196 7.27 25 4.91 0
29 18 1 0 9.28e+03 1.55e+03 6.63 69.2 1.57 0
29 17 3 1 401 103 42.7 45 5.9 0.26
29 17 3 0 446 51 9.07 180 4.2 0
29 17 2 1 1.34e+03 264 130 70 3.7 0.1
29 17 2 0 1.47e+03 246 6.11 26 4.5 0
29 17 1 0 9.32e+03 1.58e+03 6.43 50 1.65 0
29 16 3 1 435 106 34 50.2 5.72 0.473
29 16 3 0 484 34.2 14.4 258 4.28 0
29 16 2 1 1.4e+03 230 168 71.2 3.85 2.44e-08
29 16 2 0 1.52e+03 199 7.27 26 4.83 0
29 16 1 0 9.38e+03 1.55e+03 6.61 69.2 1.57 0
29 15 3 1 484 103 27.8 45 5.9 0.26
29 15 3 0 518 50 10.2 180 4.2 0
29 15 2 1 1.44e+03 263 131 70 3.7 0.1
29 15 2 0 1.56e+03 245 6.22 26 4.5 0
29 15 1 0 9.42e+03 1.58e+03 6.42 50 1.65 0
29 14 3 1 520 121 15.7 58.5 5.41 0.456
29 14 3 0 557 35.3 16.7 304 4.13 0
29 14 2 1 1.5e+03 238 159 74.1 3.78 2.4e-08
29 14 2 0 1.62e+03 197 7.42 26.9 4.79 0
29 14 1 0 9.49e+03 1.56e+03 6.56 66.9 1.58 0
29 13 3 1 557 201 3.93 50.6 4.85 0.84
29 13 3 0 595 37.1 16.5 292 4.11 0
29 13 2 1 1.55e+03 240 158 74.7 3.77 2.34e-08
29 13 2 0 1.67e+03 199 7.41 27.6 4.74 0
29 13 1 0 9.55e+03 1.56e+03 6.51 66.2 1.58 0
29 12 3 0 633 26 24.3 362 4.24 0
29 12 2 1 1.6e+03 262 133 76.5 3.66 1.88e-08
29 12 2 0 1.72e+03 195 7.59 28.3 4.74 0
29 12 1 0 9.61e+03 1.56e+03 6.57 66.7 1.58 0
29 11 3 0 671 15.3 24.5 617 4.26 0
29 11 2 1 1.66e+03 265 131 77.9 3.64 1.89e-08
29 11 2 0 1.77e+03 163 8.72 31.5 4.88 0
29 11 1 0 9.67e+03 1.52e+03 6.91 68.7 1.58 0
29 10 2 1 1.69e+03 221 191 63.9 3.95 1.56e-08
29 10 2 0 1.83e+03 190 7.84 28 4.79 0
29 10 1 0 9.73e+03 1.54e+03 6.75 65.1 1.59 0
29 9 2 1 1.79e+03 249 134 50 4 0.3
29 9 2 0 1.92e+03 239 6.97 26 4.5 0
29 9 1 0 9.84e+03 1.55e+03 6.83 50 1.65 0
29 8 2 1 1.90e+03 200 180 77.2 3.89 1.5e-08
29 8 2 0 2.04e+03 200 8.42 28 4.66 0
29 8 1 0 1e+04 1.56e+03 6.65 69.9 1.56 0
29 7 2 1 2.04e+03 247 91.1 50 4 0.3
29 7 2 0 2.13e+03 233 7.84 26 4.5 0
29 7 1 0 1.02e+04 1.53e+03 7.05 50 1.65 0
29 6 2 1 2.17e+03 150 187 106 3.94 1.97e-08
29 6 2 0 2.25e+03 212 8.88 28.6 4.51 0
29 6 1 0 1.04e+04 1.54e+03 6.9 70.4 1.56 0
29 5 2 1 2.3e+03 110 190 127 4.08 2.82e-08
29 5 2 0 2.36e+03 217 9.07 28.9 4.45 0
29 5 1 0 1.05e+04 1.52e+03 7.16 71.6 1.56 0
29 4 2 0 2.46e+03 182 11.1 34.2 4.49 0
29 4 1 0 1.07e+04 1.48e+03 7.66 72.8 1.57 0
29 3 2 0 2.58e+03 173 6.34 41 4.32 0
29 3 1 0 1.08e+04 1.44e+03 8.2 73.8 1.58 0
29 2 1 0 1.11e+04 1.43e+03 8.06 79.1 1.58 0
29 1 1 0 1.16e+04 366 65.1 32.9 2.96 0
30 30 4 0 9.39 16.7 1.24 1.03e+03 4.26 0.0396
30 30 3 2 17.3 18.2 1.02e+04 5.29 17.4 0.467
30 30 3 1 97 102 39.3 18.8 7.46 0.256
30 30 3 0 145 62 4.09 109 4.61 0
30 30 2 1 1.04e+03 349 77.8 83 3.39 1.13e-08
30 30 2 0 1.2e+03 97.6 9.08 32.2 5.89 0
30 30 1 0 9.67e+03 832 25.9 45 2.21 0
30 29 4 0 18 14.1 0.817 878 4.39 0.000402
30 29 3 2 26.9 25.9 3.41e+03 7.83 13.6 0.356
30 29 3 1 102 105 36.2 21.2 7.2 0.253
30 29 3 0 148 64.4 4.07 118 4.51 0
30 29 2 1 1.06e+03 266 133 62.6 3.86 5.91e-09
30 29 2 0 1.2e+03 212 6.71 23.4 4.99 0
30 29 1 0 9.63e+03 1.12e+03 13.8 27.6 2.24 0
30 28 3 2 39.7 36.4 1.5e+03 11.9 10.8 0.352
30 28 3 1 114 104 35.7 21.8 7.16 0.253
30 28 3 0 160 66.8 4.06 126 4.41 0
30 28 2 1 1.08e+03 252 148 60.9 3.95 6.09e-09
30 28 2 0 1.21e+03 269 5.6 23.9 4.57 0
30 28 1 0 9.64e+03 1.98e+03 4.23 106 1.36 0
30 27 3 2 59.4 53.8 601 24.3 7.99 0.303
30 27 3 1 136 103 35.8 23.4 7.08 0.247
30 27 3 0 183 64.3 4.28 130 4.42 0
30 27 2 1 1.1e+03 253 147 61.4 3.94 6.07e-09
30 27 2 0 1.23e+03 237 6.21 23.5 4.8 0
30 27 1 0 9.67e+03 1.89e+03 4.71 120 1.36 0
30 26 3 2 82.6 63.8 417 34.6 7.01 0.311
30 26 3 1 161 103 36 25.5 6.93 0.243
30 26 3 0 208 61.8 4.58 135 4.42 0
30 26 2 1 1.13e+03 252 147 62 3.93 6.08e-09
30 26 2 0 1.26e+03 223 6.48 23.6 4.89 0
30 26 1 0 9.7e+03 1.73e+03 5.67 87.5 1.48 0
30 25 3 2 108 58.8 415 40 7 0.3
30 25 3 1 190 118 30 45 5.9 0.26
30 25 3 0 237 63.3 5.01 180 4.2 0
30 25 2 1 1.16e+03 282 122 70 3.7 0.1
30 25 2 0 1.3e+03 264 5.62 26 4.5 0
30 25 1 0 9.72e+03 1.68e+03 6.08 50 1.65 0
30 24 3 2 136 65.3 346 46.1 6.55 0.248
30 24 3 1 216 110 35.8 30.3 6.52 0.35
30 24 3 0 263 54.9 5.52 151 4.43 0
30 24 2 1 1.19e+03 252 148 63.8 3.91 6.08e-09
30 24 2 0 1.32e+03 209 6.77 24 4.97 0
30 24 1 0 9.76e+03 1.7e+03 5.93 90.7 1.49 0
30 23 3 2 175 57.6 380 40 7 0.3
30 23 3 1 249 115 34.6 45 5.9 0.26
30 23 3 0 297 60.1 5.84 180 4.2 0
30 23 2 1 1.23e+03 282 122 70 3.7 0.1
30 23 2 0 1.36e+03 264 5.64 26 4.5 0
30 23 1 0 9.78e+03 1.68e+03 6.06 50 1.65 0
30 22 3 2 203 59.1 319 58.5 6.43 0.247
30 22 3 1 278 102 41.2 36.1 6.4 0.145
30 22 3 0 326 47.2 7.07 176 4.43 0
30 22 2 1 1.27e+03 251 149 65.6 3.9 5.94e-09
30 22 2 0 1.4e+03 211 6.75 24.4 4.93 0
30 22 1 0 9.83e+03 1.60e+03 6.65 68.7 1.6 0
30 21 3 2 238 57.3 278 40 7 0.3
30 21 3 1 313 113 39.6 45 5.9 0.26
30 21 3 0 361 57.5 6.8 180 4.2 0
30 21 2 1 1.3e+03 281 123 70 3.7 0.1
30 21 2 0 1.44e+03 264 5.67 26 4.5 0
30 21 1 0 9.85e+03 1.68e+03 6.04 50 1.65 0
30 20 3 2 274 57.3 203 71.4 6.21 0.389
30 20 3 1 347 105 44.5 41.8 6.11 0.2
30 20 3 0 394 37 10.1 222 4.45 0
30 20 2 1 1.35e+03 254 146 69.6 3.84 5.03e-09
30 20 2 0 1.48e+03 202 6.99 25 4.97 0
30 20 1 0 9.92e+03 1.61e+03 6.59 68 1.6 0
30 19 3 2 311 57.5 112 78 6.1 0.373
30 19 3 1 383 106 46.6 44.8 5.99 0.223
30 19 3 0 430 37.4 11 231 4.39 0
30 19 2 1 1.4e+03 253 149 71.6 3.82 5.33e-09
30 19 2 0 1.53e+03 212 6.8 25.4 4.88 0
30 19 1 0 9.96e+03 1.61e+03 6.59 67.7 1.6 0
30 18 3 1 420 107 48.6 47.8 5.88 0.243
30 18 3 0 467 37.8 11.9 239 4.33 0
30 18 2 1 1.45e+03 254 149 74 3.79 5.55e-09
30 18 2 0 1.58e+03 214 6.8 25.8 4.84 0
30 18 1 0 1e+04 1.62e+03 6.53 67.7 1.6 0
30 17 3 1 454 111 41.4 45 5.9 0.26
30 17 3 0 502 54 8.97 180 4.2 0
30 17 2 1 1.48e+03 281 125 70 3.7 0.1
30 17 2 0 1.61e+03 262 5.81 26 4.5 0
30 17 1 0 1e+04 1.69e+03 5.99 50 1.65 0
30 16 3 1 490 115 32.5 53.1 5.64 0.406
30 16 3 0 542 39.1 13.9 288 4.16 0
30 16 2 1 1.55e+03 260 144 77.2 3.74 5.5e-09
30 16 2 0 1.67e+03 214 6.88 26.3 4.8 0
30 16 1 0 1.01e+04 1.62e+03 6.54 68.4 1.59 0
30 15 3 1 542 111 26.8 45 5.9 0.26
30 15 3 0 578 53.1 10 180 4.2 0
30 15 2 1 1.59e+03 281 127 70 3.7 0.1
30 15 2 0 1.72e+03 261 5.91 26 4.5 0
30 15 1 0 1.02e+04 1.69e+03 5.97 50 1.65 0
30 14 3 1 579 140 13.6 60.7 5.26 0.503
30 14 3 0 619 29.9 20.8 358 4.2 0
30 14 2 1 1.65e+03 272 133 80.7 3.66 4.76e-09
30 14 2 0 1.78e+03 210 7.06 27.5 4.77 0
30 14 1 0 1.02e+04 1.63e+03 6.4 67.5 1.59 0
30 13 3 1 619 254 2.89 53.8 4.59 0.826
30 13 3 0 658 31.2 20.7 345 4.18 0
30 13 2 1 1.7e+03 230 187 63.8 3.99 5.87e-09
30 13 2 0 1.83e+03 208 7.16 28 4.76 0
30 13 1 0 1.03e+04 1.64e+03 6.38 66.9 1.59 0
30 12 3 0 698 31.1 21.1 336 4.2 0
30 12 2 1 1.76e+03 226 193 63.1 4.02 6.02e-09
30 12 2 0 1.88e+03 207 7.26 28.6 4.74 0
30 12 1 0 1.04e+04 1.63e+03 6.43 67.9 1.59 0
30 11 3 0 737 19.6 19.4 529 4.22 0
30 11 2 1 1.82e+03 227 193 63.5 4.01 6.02e-09
30 11 2 0 1.94e+03 195 7.65 31.7 4.7 0
30 11 1 0 1.04e+04 1.60e+03 6.68 70.5 1.59 0
30 10 2 1 1.85e+03 225 199 66.4 3.98 6.41e-09
30 10 2 0 1.99e+03 210 7.26 28.1 4.73 0
30 10 1 0 1.05e+04 1.64e+03 6.4 68.6 1.58 0
30 9 2 1 1.95e+03 267 127 50 4 0.3
30 9 2 0 2.09e+03 255 6.63 26 4.5 0
30 9 1 0 1.06e+04 1.65e+03 6.42 50 1.65 0
30 8 2 1 2.07e+03 203 189 81 3.91 6.71e-09
30 8 2 0 2.21e+03 218 7.86 28.5 4.61 0
30 8 1 0 1.08e+04 1.63e+03 6.51 70.8 1.57 0
30 7 2 1 2.22e+03 265 86 50 4 0.3
30 7 2 0 2.31e+03 249 7.42 26 4.5 0
30 7 1 0 1.09e+04 1.64e+03 6.62 50 1.65 0
30 6 2 1 2.36e+03 139 240 117 4.02 1.58e-08
30 6 2 0 2.44e+03 234 8.16 27.7 4.51 0
30 6 1 0 1.11e+04 1.61e+03 6.76 71.7 1.57 0
30 5 2 1 2.48e+03 123 166 133 4.01 2.25e-08
30 5 2 0 2.55e+03 217 9.07 29.8 4.51 0
30 5 1 0 1.13e+04 1.58e+03 7.05 72.5 1.58 0
30 4 2 0 2.65e+03 199 10.2 35 4.43 0
30 4 1 0 1.15e+04 1.56e+03 7.29 78.3 1.56 0
30 3 2 0 2.78e+03 322 3.34 39 3.68 0
30 3 1 0 1.16e+04 1.6e+03 7.03 92.7 1.5 0
30 2 1 0 1.19e+04 1.56e+03 7.16 90.9 1.53 0
30 1 1 0 1.24e+04 392 60.8 32.9 2.96 0
